9.9973E-05 0.000363097 9.9973E-05 0.122968 9.9973E-05 0.71576 0.16061
0.0414029 0.0107557 0.00217786 0.26184 9.9991E-05 0.571259 0.112465
0.243827 0.00278741 0.00657833 0.0791183 9.9991E-05 0.472458 0.19513
0.146863 0.2883 9.99731E-05 0.193231 9.99731E-05 0.371307 9.99731E-05
0.202224 0.350673 9.99821E-05 0.129054 9.99821E-05 0.304304 0.0135446
0.0225845 0.282037 9.99821E-05 0.322043 9.99821E-05 0.277297 0.0958383
0.403603 0.422696 9.9982E-05 0.00740825 9.9982E-05 0.137884 0.028208
9.99821E-05 0.377796 0.0167106 0.440639 9.99821E-05 0.0875492 0.0771054
0.442932 0.305675 9.99641E-05 9.99641E-05 9.99641E-05 0.250993 9.99641E-05
0.0316236 0.349875 9.99821E-05 0.0188641 9.99821E-05 0.474969 0.124469
0.0667671 0.299187 9.99731E-05 0.0986077 9.99731E-05 0.535138 9.99731E-05
0.196723 0.322187 0.00275491 0.000398064 9.9991E-05 0.387733 0.0901046
0.163104 0.0428977 9.9973E-05 0.183527 9.9973E-05 0.610171 9.9973E-05
9.99821E-05 0.143332 9.99821E-05 0.179941 0.00760708 0.606315 0.0626047
0.224594 0.27325 9.9982E-05 0.057519 9.9982E-05 0.356912 0.0875249
9.9964E-05 9.9964E-05 9.9964E-05 0.192063 9.9964E-05 0.713848 0.0936885
0.129891 9.9982E-05 9.9982E-05 0.104746 0.0110831 0.717585 0.036495
0.238701 0.30667 9.9973E-05 0.0722988 9.9973E-05 0.38203 9.9973E-05
0.0931819 0.185402 9.9991E-05 0.244813 0.00974834 0.364104 0.102651
0.0844449 9.99731E-05 9.99731E-05 0.11033 9.99731E-05 0.606349 0.198576
9.99641E-05 0.188131 9.99641E-05 0.260908 9.99641E-05 0.55056 9.99641E-05
0.129338 0.0333128 9.99731E-05 0.200009 9.99731E-05 0.63704 9.99731E-05
0.356696 0.308306 9.9973E-05 0.0941012 9.9973E-05 0.240597 9.9973E-05
9.99731E-05 0.232736 9.99731E-05 0.220444 9.99731E-05 0.486661 0.0598589
0.0758772 0.0275129 0.0156227 0.211737 0.00203389 0.366265 0.300952
0.0472015 0.398164 0.0150255 9.9991E-05 0.00334926 0.530158 0.00600109
9.99821E-05 0.371189 0.0203973 0.215071 0.0247133 0.368429 9.99821E-05
0.189007 0.0975952 9.9973E-05 0.0713188 9.9973E-05 0.641779 9.9973E-05
0.0254633 9.99731E-05 9.99731E-05 0.176408 9.99731E-05 0.787821 0.0100083
9.9982E-05 0.200131 9.9982E-05 0.0386341 0.0106733 0.71096 0.0394014
0.267068 0.30316 9.9973E-05 0.190219 9.9973E-05 0.239253 9.9973E-05
0.166282 0.0238763 9.9982E-05 0.183222 9.9982E-05 0.584526 0.0418941
0.353093 9.9982E-05 0.0112218 0.014935 9.9982E-05 0.60431 0.0162403
0.209237 0.24878 9.9973E-05 0.0164052 9.9973E-05 0.525278 9.9973E-05
0.01258 9.99731E-05 9.99731E-05 0.202033 9.99731E-05 0.752883 0.0322033
0.17953 0.09445 9.99821E-05 0.259069 9.99821E-05 0.421829 0.0449216
9.99731E-05 0.125886 9.99731E-05 0.396793 9.99731E-05 0.423074 0.0539476
0.0150157 0.0838497 9.9982E-05 0.459326 9.9982E-05 0.416212 0.0253961
0.191203 0.176128 9.99821E-05 0.0862508 9.99821E-05 0.42229 0.123928
9.9973E-05 0.339523 9.9973E-05 0.0124844 9.9973E-05 0.473985 0.173707
0.158809 0.243504 9.99731E-05 9.99731E-05 9.99731E-05 0.418944 0.178442
0.0988879 0.509376 9.9982E-05 0.123722 9.9982E-05 0.202359 0.0654553
9.9982E-05 0.241984 9.9982E-05 0.339545 0.00284586 0.320911 0.0945135
0.0994053 0.148199 0.00807421 9.9982E-05 9.9982E-05 0.693417 0.0507053
0.00590421 0.184583 9.9982E-05 0.210011 9.9982E-05 0.509546 0.0897558
0.188644 0.350919 9.99641E-05 9.99641E-05 9.99641E-05 0.460038 9.99641E-05
0.0668131 0.237094 9.9982E-05 0.298985 9.9982E-05 0.386263 0.0106444
0.152236 0.416994 9.9982E-05 0.115882 9.9982E-05 0.240664 0.0740235
0.0198371 0.0571845 9.9991E-05 0.244737 0.0454586 0.45628 0.176403
9.99731E-05 0.596643 9.99731E-05 0.192493 9.99731E-05 0.174764 0.0358
9.9973E-05 0.343975 9.9973E-05 0.401729 9.9973E-05 0.138668 0.115328
0.0830975 0.208111 9.9982E-05 0.217161 9.9982E-05 0.402418 0.0890125
9.99642E-05 0.219824 9.99642E-05 9.99642E-05 9.99642E-05 0.751064 0.0287121
0.21692 0.227356 9.9964E-05 9.9964E-05 9.9964E-05 0.555323 9.9964E-05
0.424665 0.152656 9.9982E-05 0.125288 9.9982E-05 0.222018 0.0751731
0.134327 9.99641E-05 9.99641E-05 0.223278 9.99641E-05 0.641995 9.99641E-05
0.334491 0.0931604 9.9973E-05 9.9973E-05 9.9973E-05 0.559593 0.0124561
0.165691 0.00825221 9.9982E-05 0.451792 9.9982E-05 0.355304 0.0187616
0.0581001 0.372471 9.9982E-05 0.30874 9.9982E-05 0.135502 0.124987
9.9973E-05 0.204591 9.9973E-05 0.195185 9.9973E-05 0.429477 0.170448
9.9973E-05 0.259104 9.9973E-05 0.256125 9.9973E-05 0.345968 0.138503
0.0718379 0.303526 9.9982E-05 0.123244 9.9982E-05 0.307438 0.193754
0.176814 0.443727 9.9982E-05 0.142583 9.9982E-05 0.163646 0.0730299
9.99641E-05 9.99641E-05 9.99641E-05 0.268505 9.99641E-05 0.544746 0.186349
9.99731E-05 0.147075 9.99731E-05 0.0310952 0.0118134 0.809716 9.99731E-05
0.154368 0.249621 9.9973E-05 0.00475105 9.9973E-05 0.59096 9.9973E-05
0.250379 0.300778 0.0141668 0.148881 9.99821E-05 0.285595 9.99821E-05
0.0913989 0.178137 9.99821E-05 0.0762657 9.99821E-05 0.418762 0.235236
9.99641E-05 0.315874 9.99641E-05 0.0489469 9.99641E-05 0.63478 9.99641E-05
9.99641E-05 9.99641E-05 9.99641E-05 0.25652 9.99641E-05 0.611154 0.131925
9.99731E-05 0.602218 9.99731E-05 0.137886 9.99731E-05 0.259086 0.000509941
0.160734 0.68582 9.99731E-05 0.117996 9.99731E-05 9.99731E-05 0.03515
0.137375 0.393573 9.9982E-05 0.155877 9.9982E-05 0.234718 0.0782564
0.216357 0.23567 9.99731E-05 0.194138 9.99731E-05 0.353535 9.99731E-05
9.99641E-05 9.99641E-05 9.99641E-05 0.237865 9.99641E-05 0.653433 0.108302
9.99641E-05 0.131476 9.99641E-05 9.99641E-05 0.00487361 0.86325 9.99641E-05
0.104043 0.276942 9.9973E-05 0.0729716 9.9973E-05 0.545744 9.9973E-05
9.99731E-05 0.372391 9.99731E-05 0.118299 9.99731E-05 0.405537 0.103474
0.0326259 0.197551 9.99731E-05 0.228873 9.99731E-05 0.540651 9.99731E-05
9.9964E-05 0.388666 9.9964E-05 0.250625 9.9964E-05 0.360309 9.9964E-05
0.157955 0.157207 9.9991E-05 0.132809 0.00357784 0.307257 0.241094
0.350631 9.99641E-05 9.99641E-05 0.260169 9.99641E-05 0.3888 9.99641E-05
0.05662 0.083938 9.9982E-05 0.38243 9.9982E-05 0.315105 0.161707
0.213842 0.596641 9.99641E-05 9.99641E-05 9.99641E-05 0.189117 9.99641E-05
0.0481313 0.343196 9.9973E-05 0.253543 9.9973E-05 0.35483 9.9973E-05
0.0106557 0.299418 0.00636522 0.183441 9.9991E-05 0.478768 0.0212519
0.121074 0.0674426 9.9982E-05 0.317647 9.9982E-05 0.448153 0.0454836
0.343587 0.189401 9.9973E-05 9.9973E-05 9.9973E-05 0.395931 0.0707807
9.9973E-05 0.0611761 9.9973E-05 0.274171 9.9973E-05 0.408183 0.25617
0.142742 0.103606 9.99732E-05 0.28674 9.99732E-05 0.466612 9.99732E-05
9.99731E-05 0.0440918 9.99731E-05 0.283172 9.99731E-05 0.496727 0.175709
0.208464 0.206143 9.9973E-05 0.191661 9.9973E-05 0.393432 9.9973E-05
0.0130025 0.150051 9.99731E-05 0.220451 9.99731E-05 0.616195 9.99731E-05
0.191378 0.406015 9.9973E-05 0.289638 9.9973E-05 0.112668 9.9973E-05
0.20903 9.99731E-05 9.99731E-05 0.318703 0.0356994 0.436268 9.99731E-05
0.0501848 0.302205 9.9973E-05 0.248227 9.9973E-05 0.399084 9.9973E-05
0.0715905 0.234293 9.99821E-05 0.314584 9.99821E-05 0.322238 0.0570947
0.17441 0.170351 9.9982E-05 0.313741 9.9982E-05 0.289976 0.0513228
9.99642E-05 0.175476 9.99642E-05 0.428075 9.99642E-05 0.39605 9.99642E-05
0.0820403 0.256058 9.9991E-05 0.392885 0.0248878 0.225471 0.0185576
0.112971 9.9982E-05 0.0189854 0.176155 9.9982E-05 0.50502 0.186668
0.148859 0.0537947 9.99641E-05 0.796947 9.99641E-05 9.99641E-05 9.99641E-05
9.99731E-05 0.0608595 9.99731E-05 0.194781 9.99731E-05 0.667957 0.0761033
0.197598 0.0987538 9.9982E-05 0.395781 9.9982E-05 0.207893 0.0997743
0.280265 0.0355185 9.9991E-05 0.604952 0.00804933 0.0380127 0.0331026
9.9973E-05 0.155909 9.9973E-05 0.0834092 9.9973E-05 0.621922 0.138459
0.0554792 0.507812 9.99731E-05 0.21579 9.99731E-05 0.220619 9.99731E-05
0.127486 0.128254 0.0099542 0.496126 0.019041 0.18257 0.0365682
0.129676 0.0572032 9.99821E-05 0.349056 9.99821E-05 0.357171 0.106694
0.0344828 0.216189 9.99821E-05 0.385551 9.99821E-05 0.230477 0.133101
9.9973E-05 0.425256 9.9973E-05 0.0976487 0.0197146 0.457081 9.9973E-05
0.28278 0.297227 9.9982E-05 0.127062 9.9982E-05 0.261962 0.0307693
0.117484 9.99551E-05 9.99551E-05 0.882017 9.99551E-05 9.99551E-05 9.99551E-05
0.370341 0.310688 9.99821E-05 0.28904 9.99821E-05 0.0287503 0.000980601
0.0703392 0.111221 9.99731E-05 0.662219 9.99731E-05 0.15592 9.99731E-05
9.9964E-05 0.505862 9.9964E-05 9.9964E-05 9.9964E-05 0.430057 0.063681
9.9973E-05 0.350394 9.9973E-05 0.303537 9.9973E-05 0.255043 0.0907265
0.120321 9.99731E-05 9.99731E-05 0.602297 9.99731E-05 0.218203 0.0588789
0.155152 0.129385 9.99821E-05 0.110061 9.99821E-05 0.528926 0.0762753
0.308117 0.0587797 0.00679744 0.198508 9.9982E-05 0.427597 9.9982E-05
0.000760926 0.247667 0.0121939 0.194599 9.9982E-05 0.544579 9.9982E-05
0.0288978 0.220768 0.018608 0.729683 9.9982E-05 9.9982E-05 0.0018433
9.9973E-05 9.9973E-05 9.9973E-05 0.66987 0.0156949 0.231099 0.0830367
0.183555 9.99731E-05 9.99731E-05 0.756848 9.99731E-05 0.0152057 0.0440913
9.9955E-05 9.9955E-05 9.9955E-05 0.641925 9.9955E-05 0.357576 9.9955E-05
9.9964E-05 0.012932 9.9964E-05 0.342486 9.9964E-05 0.644183 9.9964E-05
0.218626 0.1376 9.99821E-05 0.00259946 0.00824847 0.632726 9.99821E-05
9.99731E-05 0.209752 9.99731E-05 0.733293 9.99731E-05 0.000799391 0.0558561
9.99551E-05 0.0773646 9.99551E-05 0.922136 9.99551E-05 9.99551E-05 9.99551E-05
0.165143 9.99731E-05 9.99731E-05 0.636338 9.99731E-05 0.157412 0.0408071
9.9982E-05 0.0697945 9.9982E-05 0.406854 0.0035536 0.501215 0.0183832
0.0579232 0.0336971 9.99821E-05 0.859445 9.99821E-05 0.02927 0.019465
0.126377 9.99641E-05 9.99641E-05 0.846921 9.99641E-05 9.99641E-05 0.026302
9.99731E-05 0.0741039 9.99731E-05 0.906692 0.00650701 9.99731E-05 0.0123974
0.133574 9.99551E-05 9.99551E-05 0.865926 9.99551E-05 9.99551E-05 9.99551E-05
0.0975918 0.100594 9.99821E-05 0.576417 9.99821E-05 0.013353 0.211844
0.0463889 0.0532667 9.99731E-05 0.560581 9.99731E-05 0.339463 9.99731E-05
9.99641E-05 0.17739 9.99641E-05 0.564211 9.99641E-05 9.99641E-05 0.257999
9.99641E-05 0.215068 9.99641E-05 0.163144 9.99641E-05 0.621388 9.99641E-05
9.99731E-05 0.0591635 9.99731E-05 0.411428 9.99731E-05 0.490023 0.0390852
9.99641E-05 0.0262608 9.99641E-05 0.861511 9.99641E-05 0.111829 9.99641E-05
0.185852 9.99551E-05 9.99551E-05 0.813648 9.99551E-05 9.99551E-05 9.99551E-05
0.195558 0.324962 9.99642E-05 0.47908 9.99642E-05 9.99642E-05 9.99642E-05
9.99641E-05 0.137687 9.99641E-05 0.743044 9.99641E-05 9.99641E-05 0.118869
9.9973E-05 0.122417 9.9973E-05 0.652848 9.9973E-05 0.00988769 0.214548
9.99552E-05 0.244953 9.99552E-05 0.754548 9.99552E-05 9.99552E-05 9.99552E-05
9.99641E-05 9.99641E-05 9.99641E-05 0.531983 9.99641E-05 0.421152 0.0464657
9.99552E-05 9.99552E-05 9.99552E-05 0.767323 9.99552E-05 0.232178 9.99552E-05
9.9982E-05 0.130492 0.0304692 0.448367 0.0407327 0.34974 9.9982E-05
9.99641E-05 0.182525 9.99641E-05 0.450673 9.99641E-05 0.366403 9.99641E-05
9.9982E-05 0.162611 0.00356623 0.805911 9.9982E-05 0.0156467 0.0120652
0.0342189 0.0959342 9.99821E-05 0.686022 9.99821E-05 0.173204 0.0104204
0.402131 9.99641E-05 9.99641E-05 0.490793 9.99641E-05 9.99641E-05 0.106677
0.117062 9.9973E-05 0.0162159 0.68374 9.9973E-05 0.182682 9.9973E-05
0.241019 9.99731E-05 9.99731E-05 0.517618 9.99731E-05 0.228958 0.0121056
9.9973E-05 0.0610706 9.9973E-05 0.580215 9.9973E-05 0.137754 0.22066
9.99641E-05 9.99641E-05 9.99641E-05 0.63783 9.99641E-05 0.265 0.0967701
9.99641E-05 9.99641E-05 9.99641E-05 0.758959 0.00377697 0.236864 9.99641E-05
0.0878594 0.0897184 9.99821E-05 0.623285 9.99821E-05 0.168078 0.0308591
0.267169 9.99641E-05 0.00389474 0.728537 9.99641E-05 9.99641E-05 9.99641E-05
0.105451 9.99641E-05 9.99641E-05 0.891065 9.99641E-05 9.99641E-05 0.00308429
0.202379 0.0263478 9.9991E-05 0.624887 0.0225479 0.119135 0.00460313
0.128201 9.99731E-05 9.99731E-05 0.798375 9.99731E-05 0.0398292 0.0332945
0.133376 9.99552E-05 9.99552E-05 0.866124 9.99552E-05 9.99552E-05 9.99552E-05
9.9982E-05 0.0284481 0.0211715 0.774224 0.033638 9.9982E-05 0.142319
0.125067 9.99731E-05 9.99731E-05 0.630632 9.99731E-05 0.166316 0.0776848
0.0660249 0.0264289 0.0191914 0.811287 0.0436774 0.0332905 9.9991E-05
9.9973E-05 0.0856068 9.9973E-05 0.418828 9.9973E-05 0.401234 0.094032
9.99641E-05 9.99641E-05 0.0102733 0.842266 9.99641E-05 0.147061 9.99641E-05
0.127037 9.9964E-05 9.9964E-05 0.335087 9.9964E-05 0.537476 9.9964E-05
0.101569 0.0191101 9.9973E-05 0.758927 9.9973E-05 0.120094 9.9973E-05
0.0919861 9.9964E-05 9.9964E-05 0.755924 9.9964E-05 0.15169 9.9964E-05
9.99641E-05 0.225878 9.99641E-05 0.746667 9.99641E-05 0.027055 9.99641E-05
0.24811 9.99641E-05 9.99641E-05 0.720964 9.99641E-05 0.0305258 9.99641E-05
0.0772191 9.9973E-05 9.9973E-05 0.658446 9.9973E-05 0.138301 0.125734
0.215066 0.0122796 9.99731E-05 0.637607 9.99731E-05 0.134748 9.99731E-05
9.99731E-05 0.326381 9.99731E-05 0.58713 0.0197452 9.99731E-05 0.0664443
0.189387 0.197766 9.99731E-05 0.115218 9.99731E-05 0.497329 9.99731E-05
9.99641E-05 0.111446 9.99641E-05 0.182227 9.99641E-05 0.705927 9.99641E-05
9.99731E-05 0.198775 9.99731E-05 0.00247557 0.0143309 0.784119 9.99731E-05
0.0637194 0.294033 9.9982E-05 0.0233688 9.9982E-05 0.55562 0.0630588
0.0181352 9.9982E-05 9.9982E-05 0.175736 0.00254664 0.741206 0.0621755
9.99731E-05 0.0398381 9.99731E-05 0.639596 9.99731E-05 0.234819 0.0854476
0.130404 9.99641E-05 9.99641E-05 0.742428 9.99641E-05 0.126768 9.99641E-05
9.99731E-05 0.0851867 9.99731E-05 0.824342 0.00165463 9.99731E-05 0.088517
0.00201086 0.235864 9.99641E-05 0.761725 9.99641E-05 9.99641E-05 9.99641E-05
9.99641E-05 0.175958 9.99641E-05 0.810349 9.99641E-05 9.99641E-05 0.0132933
0.390499 0.368201 9.99731E-05 0.230574 9.99731E-05 9.99731E-05 0.0104255
9.99731E-05 0.0905301 9.99731E-05 0.784238 9.99731E-05 0.0935116 0.0314205
0.118579 9.9982E-05 9.9982E-05 0.74782 0.00425891 0.0943247 0.0348174
0.00957997 0.21096 9.99641E-05 0.77906 9.99641E-05 9.99641E-05 9.99641E-05
0.0655601 0.00749439 9.99731E-05 0.642098 9.99731E-05 0.284547 9.99731E-05
0.371894 0.153465 9.99821E-05 0.0835736 9.99821E-05 0.231193 0.159675
0.0316213 0.0746435 9.99821E-05 0.308562 9.99821E-05 0.555492 0.0294814
0.0377203 0.319737 9.9973E-05 0.380072 9.9973E-05 0.26217 9.9973E-05
0.19613 0.10296 0.000149874 0.505574 9.9991E-05 0.0659681 0.129118
9.99731E-05 0.0635239 9.99731E-05 0.57283 9.99731E-05 0.323175 0.0401709
9.99731E-05 0.124411 9.99731E-05 0.205605 0.022751 0.646933 9.99731E-05
9.99551E-05 9.99551E-05 9.99551E-05 0.895585 9.99551E-05 0.103916 9.99551E-05
9.99641E-05 9.99641E-05 9.99641E-05 0.894514 0.0118227 0.0932633 9.99641E-05
0.0916236 9.9973E-05 9.9973E-05 0.778476 9.9973E-05 0.125651 0.00395021
0.149406 9.99641E-05 9.99641E-05 0.752247 9.99641E-05 0.097947 9.99641E-05
0.228092 0.142145 0.00825366 0.410561 9.9982E-05 0.210748 9.9982E-05
0.190363 0.194482 9.99731E-05 0.107951 9.99731E-05 0.506904 9.99731E-05
0.0734113 9.99641E-05 9.99641E-05 0.902533 0.0236555 9.99641E-05 9.99641E-05
9.99641E-05 0.00835293 9.99641E-05 0.988484 0.00276287 9.99641E-05 9.99641E-05
9.99731E-05 0.0763687 0.000559514 0.558714 9.99731E-05 9.99731E-05 0.364057
9.99641E-05 9.99641E-05 0.00877211 0.663792 9.99641E-05 0.327036 9.99641E-05
0.0996071 9.99641E-05 9.99641E-05 0.858854 9.99641E-05 0.0411393 9.99641E-05
0.143713 0.057702 9.99731E-05 0.609444 9.99731E-05 9.99731E-05 0.188841
0.00631937 0.340641 9.99731E-05 0.346928 9.99731E-05 0.305811 9.99731E-05
0.533593 9.9964E-05 9.9964E-05 0.44779 9.9964E-05 0.0182171 9.9964E-05
9.99731E-05 0.10643 9.99731E-05 0.258122 0.0231658 0.611983 9.99731E-05
0.134633 0.277481 9.99731E-05 0.353833 9.99731E-05 0.233754 9.99731E-05
0.130277 0.0764966 9.9964E-05 0.792827 9.9964E-05 9.9964E-05 9.9964E-05
9.99641E-05 0.0620753 9.99641E-05 0.652446 9.99641E-05 9.99641E-05 0.285079
0.0358198 0.0922891 9.99821E-05 0.838291 0.0207731 0.0126272 9.99821E-05
9.9973E-05 0.0299386 9.9973E-05 0.674758 0.0216295 0.273374 9.9973E-05
9.9964E-05 0.250247 9.9964E-05 0.192576 9.9964E-05 0.556777 9.9964E-05
9.9973E-05 0.13385 9.9973E-05 0.320638 9.9973E-05 0.510504 0.0347079
0.0736756 0.303882 9.99731E-05 0.30652 9.99731E-05 0.315623 9.99731E-05
0.0144607 0.139631 9.99821E-05 0.104771 9.99821E-05 0.71339 0.0275472
0.177278 0.0908874 9.99731E-05 0.649745 9.99731E-05 0.0817902 9.99731E-05
0.00380579 9.99551E-05 9.99551E-05 0.995694 9.99551E-05 9.99551E-05 9.99551E-05
0.0307421 0.220739 9.9973E-05 0.661689 9.9973E-05 0.0865302 9.9973E-05
9.99641E-05 0.147162 9.99641E-05 0.15997 9.99641E-05 0.692468 9.99641E-05
9.9982E-05 0.085372 9.9982E-05 0.639078 0.0330302 0.0559529 0.186367
9.99551E-05 9.99551E-05 9.99551E-05 0.868908 9.99551E-05 0.130592 9.99551E-05
0.257277 0.122084 9.99641E-05 0.620239 9.99641E-05 9.99641E-05 9.99641E-05
0.155572 0.100577 9.9982E-05 0.19082 0.00889126 0.54394 9.9982E-05
0.0119178 9.99731E-05 9.99731E-05 0.288964 9.99731E-05 0.632743 0.066075
0.0514626 0.00283414 9.99731E-05 0.688307 9.99731E-05 0.257096 9.99731E-05
9.99821E-05 0.247809 9.99821E-05 0.600978 0.00409041 0.077047 0.0698756
9.99551E-05 9.99551E-05 9.99551E-05 0.876317 9.99551E-05 0.123183 9.99551E-05
0.182531 0.0461047 9.9964E-05 0.770964 9.9964E-05 9.9964E-05 9.9964E-05
9.99641E-05 9.99641E-05 9.99641E-05 0.929505 9.99641E-05 0.0627835 0.00731135
0.0350786 0.0596525 9.9991E-05 0.627317 0.0487199 0.162134 0.0669979
0.0312899 0.222051 9.9973E-05 0.711282 9.9973E-05 9.9973E-05 0.035077
9.99641E-05 0.0992533 9.99641E-05 0.533592 9.99641E-05 0.366755 9.99641E-05
0.334085 9.99641E-05 9.99641E-05 0.294346 9.99641E-05 0.371168 9.99641E-05
9.9964E-05 9.9964E-05 9.9964E-05 0.823136 0.00828205 9.9964E-05 0.168182
9.99552E-05 0.126531 9.99552E-05 0.87297 9.99552E-05 9.99552E-05 9.99552E-05
9.9973E-05 0.282339 0.0306501 0.167635 9.9973E-05 0.519076 9.9973E-05
0.124766 0.32656 9.99821E-05 9.99821E-05 0.0202758 0.523142 0.00505581
9.99641E-05 0.359207 9.99641E-05 0.167972 9.99641E-05 0.472421 9.99641E-05
0.0846134 0.298675 9.9973E-05 0.220773 9.9973E-05 0.395638 9.9973E-05
0.1573 0.220033 9.9982E-05 0.129412 9.9982E-05 0.391921 0.101134
0.0161353 0.422651 9.9982E-05 0.0219972 9.9982E-05 0.51227 0.0267468
9.995E-05 9.995E-05 9.995E-05 0.9994 9.995E-05 9.995E-05 9.995E-05
0.317572 9.99731E-05 0.00192065 0.586015 9.99731E-05 9.99731E-05 0.0941927
0.0848333 9.99821E-05 0.0153134 0.612452 9.99821E-05 0.221618 0.0655831
0.142822 0.0287679 9.99731E-05 0.826503 9.99731E-05 9.99731E-05 0.00160744
0.0842029 0.293181 9.99731E-05 0.236944 9.99731E-05 0.385372 9.99731E-05
0.0295351 0.425009 9.9973E-05 0.103579 9.9973E-05 0.441577 9.9973E-05
9.99641E-05 9.99641E-05 0.0213951 0.839044 9.99641E-05 9.99641E-05 0.139161
0.225179 0.0806239 9.9973E-05 0.189979 9.9973E-05 0.503919 9.9973E-05
0.101216 9.99641E-05 9.99641E-05 0.673679 9.99641E-05 0.224706 9.99641E-05
0.178992 9.99551E-05 9.99551E-05 0.820509 9.99551E-05 9.99551E-05 9.99551E-05
0.046005 0.181464 0.0107628 0.341496 0.00851691 0.360809 0.0509455
0.0372671 0.0315459 9.99731E-05 0.901002 9.99731E-05 9.99731E-05 0.0298853
0.052737 0.0731963 9.9982E-05 0.430814 9.9982E-05 0.354217 0.0888358
0.293977 0.00582085 9.9982E-05 0.644312 0.0214876 9.9982E-05 0.0342033
9.9982E-05 0.0278125 9.9982E-05 0.747717 0.000253143 0.104776 0.119242
0.173856 9.99641E-05 9.99641E-05 0.745255 9.99641E-05 0.0804891 9.99641E-05
9.9982E-05 0.0900569 0.020181 0.708333 9.9982E-05 0.0536844 0.127545
0.260005 0.0416003 9.99731E-05 0.569622 9.99731E-05 0.128472 9.99731E-05
9.99821E-05 0.229601 9.99821E-05 0.159688 0.0140153 0.495624 0.100872
9.99641E-05 9.99641E-05 9.99641E-05 0.623881 9.99641E-05 0.17456 0.201159
9.99641E-05 9.99641E-05 9.99641E-05 0.792061 9.99641E-05 0.201896 0.00564246
0.199749 0.494816 9.9973E-05 9.9973E-05 0.0161859 0.28895 9.9973E-05
0.0543805 0.173596 0.0254487 0.142479 9.9991E-05 0.539515 0.0644817
0.0909953 0.290016 9.9982E-05 0.092484 9.9982E-05 0.365251 0.161054
0.0313805 0.0474575 0.0022957 0.541501 9.99945E-05 0.297722 0.0795432
0.0317571 0.290061 9.9982E-05 0.202996 9.9982E-05 0.350453 0.124532
0.0866187 0.177964 9.9982E-05 0.337895 9.9982E-05 0.197161 0.200162
9.99641E-05 0.063685 9.99641E-05 0.196928 9.99641E-05 0.738988 9.99641E-05
0.134047 0.0601886 9.9982E-05 0.239547 9.9982E-05 0.364982 0.201035
0.00853427 0.151003 9.9982E-05 0.325016 9.9982E-05 0.38442 0.130828
0.228207 0.137595 0.0283936 0.605504 9.99731E-05 9.99731E-05 9.99731E-05
0.156889 0.242504 9.9973E-05 0.142031 9.9973E-05 0.458275 9.9973E-05
0.195974 0.13631 9.9982E-05 0.0637522 0.0299805 0.573784 9.9982E-05
9.99821E-05 0.226132 9.99821E-05 0.343288 0.00456558 0.414628 0.0111858
9.99731E-05 0.192831 9.99731E-05 0.231418 9.99731E-05 0.504527 0.0709242
0.0510032 0.139795 9.9982E-05 0.205712 9.9982E-05 0.519789 0.0834998
0.27989 0.139002 9.9982E-05 0.220876 9.9982E-05 0.357338 0.00269461
9.99641E-05 9.99641E-05 9.99641E-05 0.41866 9.99641E-05 0.41148 0.16946
0.282583 0.192343 9.99642E-05 9.99642E-05 9.99642E-05 0.524675 9.99642E-05
0.129586 9.9973E-05 9.9973E-05 0.237105 9.9973E-05 0.419684 0.213326
0.0333517 0.29771 9.9982E-05 0.464662 9.9982E-05 0.124688 0.0793883
0.125479 0.0931418 0.0147944 0.244562 9.9991E-05 0.504857 0.017066
0.288327 0.139315 9.99821E-05 0.204266 0.0175719 0.35032 9.99821E-05
0.0746364 0.00523067 9.99821E-05 0.122114 9.99821E-05 0.683789 0.11403
0.102181 0.147081 9.99731E-05 0.330949 9.99731E-05 0.419489 9.99731E-05
0.283974 0.0126111 9.9982E-05 0.0377041 9.9982E-05 0.617945 0.0475654
0.111523 0.160081 9.99731E-05 9.99731E-05 9.99731E-05 0.625681 0.102414
0.0707136 0.115356 9.99731E-05 9.99731E-05 9.99731E-05 0.726497 0.0871332
0.428065 0.205585 9.9973E-05 0.0902496 9.9973E-05 0.275801 9.9973E-05
0.0846427 0.171765 9.99821E-05 0.325948 0.00936575 0.408079 9.99821E-05
0.268446 0.0351612 9.99731E-05 0.188621 9.99731E-05 0.507472 9.99731E-05
0.222736 0.328493 9.99731E-05 0.0436294 9.99731E-05 0.404842 9.99731E-05
0.0741775 0.328286 0.0173568 0.125001 0.00940711 0.445671 9.9991E-05
0.122859 0.379806 9.9982E-05 0.0508479 9.9982E-05 0.176331 0.269957
0.167124 9.9991E-05 0.0102012 0.170513 0.00923574 0.560627 0.0821989
9.99821E-05 0.293815 0.00618916 0.197799 9.99821E-05 0.344758 0.15724
0.291808 0.188472 9.9982E-05 0.407296 9.9982E-05 0.0774977 0.0347267
9.99641E-05 0.364824 9.99641E-05 0.285091 9.99641E-05 0.349686 9.99641E-05
0.210826 0.0740463 9.99821E-05 0.253655 9.99821E-05 0.303107 0.158166
0.19965 0.171485 9.99731E-05 0.316323 9.99731E-05 0.312242 9.99731E-05
0.137906 0.170841 9.99854E-05 0.0175913 9.99854E-05 0.541609 0.131853
0.0486475 9.99821E-05 0.0233857 0.127404 9.99821E-05 0.629324 0.171039
0.255323 0.271941 9.9982E-05 0.09713 9.9982E-05 0.318471 0.0569352
0.0173912 0.339321 9.99731E-05 9.99731E-05 9.99731E-05 0.581045 0.0619429
0.142938 0.122136 9.9982E-05 0.264711 9.9982E-05 0.295743 0.174272
0.101388 0.149405 9.99821E-05 0.125742 9.99821E-05 0.606652 0.0166134
0.0226511 0.264293 9.99821E-05 0.0285108 9.99821E-05 0.59746 0.0868854
0.020873 0.305389 9.99821E-05 0.0295715 9.99821E-05 0.61078 0.0331868
0.14166 0.303894 9.99821E-05 0.42197 0.00218471 0.130091 9.99821E-05
0.311641 0.127822 9.9991E-05 0.223723 0.000308463 0.229697 0.106707
9.99731E-05 0.13894 0.012576 0.00937142 9.99731E-05 0.838813 9.99731E-05
0.0139255 0.235598 9.9973E-05 0.202078 9.9973E-05 0.548099 9.9973E-05
0.169101 0.160716 9.99821E-05 0.320562 9.99821E-05 0.236575 0.112846
9.99731E-05 0.378317 9.99731E-05 0.291159 9.99731E-05 0.32705 0.00317347
0.285192 0.122197 9.99731E-05 0.106081 9.99731E-05 0.48623 9.99731E-05
0.211581 9.99731E-05 9.99731E-05 0.129534 9.99731E-05 0.585097 0.0734887
0.0328168 0.159026 0.000860504 0.227368 9.9991E-05 0.392944 0.186885
0.0702278 0.174631 9.99731E-05 0.325568 9.99731E-05 0.429273 9.99731E-05
0.132389 0.29783 9.9982E-05 0.0768058 9.9982E-05 0.355169 0.137606
0.130987 0.367095 9.9991E-05 0.11048 0.00635799 0.307742 0.0772381
0.243971 0.19735 9.9991E-05 0.191846 0.0239868 0.291035 0.0517107
9.99641E-05 0.50246 9.99641E-05 0.399782 9.99641E-05 0.0973581 9.99641E-05
0.211497 0.0842111 9.9982E-05 0.358339 9.9982E-05 0.345049 0.000704309
0.315543 9.9973E-05 9.9973E-05 0.311849 9.9973E-05 0.246546 0.125762
9.99731E-05 0.441186 9.99731E-05 0.275457 9.99731E-05 0.146213 0.136844
9.99731E-05 0.221068 9.99731E-05 0.271723 9.99731E-05 0.323603 0.183307
0.300698 0.374267 9.99731E-05 0.150884 9.99731E-05 0.173851 9.99731E-05
0.212016 0.0557448 9.99821E-05 0.267658 0.00511278 0.459268 9.99821E-05
0.253908 0.10893 9.9991E-05 0.0694948 0.0243179 0.531373 0.0118754
0.0120505 0.264324 9.99731E-05 0.19489 9.99731E-05 0.528436 9.99731E-05
0.106762 0.478862 9.99731E-05 9.99731E-05 9.99731E-05 0.396931 0.0171449
0.442416 0.00539476 9.99731E-05 9.99731E-05 9.99731E-05 0.259764 0.292125
9.99731E-05 0.338062 9.99731E-05 0.10705 9.99731E-05 0.3858 0.168788
0.134158 0.316179 9.99731E-05 9.99731E-05 9.99731E-05 0.302832 0.246532
9.99821E-05 0.344797 9.99821E-05 0.0155682 0.0111587 0.578078 0.0501983
0.0862736 9.9982E-05 9.9982E-05 0.223696 0.00435097 0.62056 0.0649202
0.275246 0.253208 0.0208524 9.99731E-05 9.99731E-05 0.450393 9.99731E-05
0.0743714 0.33193 9.9991E-05 0.392081 0.0261442 0.0993736 0.0759991
0.0410377 9.9964E-05 9.9964E-05 0.350569 9.9964E-05 0.607994 9.9964E-05
0.294113 0.20536 9.9973E-05 9.9973E-05 9.9973E-05 0.478771 0.0214557
0.286521 0.287453 9.9973E-05 0.178322 9.9973E-05 0.247404 9.9973E-05
0.15862 0.43883 9.9982E-05 0.0781436 9.9982E-05 0.254171 0.0700352
0.0547897 0.0986313 9.9973E-05 9.9973E-05 0.0231851 9.9973E-05 0.823094
0.143937 0.25363 9.99731E-05 0.202762 9.99731E-05 0.399371 9.99731E-05
0.165536 0.00768096 0.0252507 0.375976 9.9991E-05 0.333344 0.0921133
0.260105 0.11853 9.9982E-05 0.12672 0.0201279 0.474317 9.9982E-05
9.99731E-05 0.118028 9.99731E-05 0.150656 9.99731E-05 0.550431 0.180584
0.360725 0.117228 9.9982E-05 0.041126 0.0151258 0.465595 9.9982E-05
9.9973E-05 0.389723 9.9973E-05 0.2272 9.9973E-05 0.211618 0.171159
0.0989491 9.99731E-05 9.99731E-05 0.261999 9.99731E-05 0.597603 0.0411495
0.124347 0.230273 0.0214687 0.0296216 9.9991E-05 0.546809 0.0473801
0.0897749 0.116601 9.99731E-05 0.239104 9.99731E-05 0.55422 9.99731E-05
0.0374521 0.0296951 9.9991E-05 0.14009 0.00035349 0.773548 0.0187611
0.193797 0.0828406 9.99731E-05 0.16458 9.99731E-05 0.558482 9.99731E-05
0.0669877 9.99552E-05 9.99552E-05 9.99552E-05 9.99552E-05 0.932513 9.99552E-05
0.25517 0.151599 9.99641E-05 9.99641E-05 9.99641E-05 0.592831 9.99641E-05
0.103409 9.99641E-05 9.99641E-05 0.205659 9.99641E-05 0.690532 9.99641E-05
0.362942 0.0970176 9.99821E-05 0.263302 0.000957061 0.275581 9.99821E-05
0.188875 0.100347 9.99731E-05 0.219025 9.99731E-05 0.491453 9.99731E-05
9.99731E-05 0.343916 9.99731E-05 0.0874442 9.99731E-05 0.311499 0.256842
9.99641E-05 0.0789789 9.99641E-05 0.140219 9.99641E-05 0.780402 9.99641E-05
0.134677 0.302149 9.9982E-05 0.148353 0.00922319 0.405399 9.9982E-05
0.0268823 0.252421 9.99731E-05 9.99731E-05 9.99731E-05 0.606329 0.114069
0.0772657 0.0296709 9.9982E-05 0.140241 0.00777248 0.74485 9.9982E-05
0.29284 0.159676 9.9982E-05 0.012232 9.9982E-05 0.235334 0.299719
0.130268 0.253125 9.9982E-05 0.0966792 9.9982E-05 0.490444 0.0292836
0.283249 0.308479 9.99731E-05 0.235137 9.99731E-05 0.172835 9.99731E-05
0.298212 0.143161 9.99731E-05 9.99731E-05 9.99731E-05 0.381302 0.177026
0.173352 0.0987104 9.99731E-05 0.520512 9.99731E-05 0.207126 9.99731E-05
0.119859 0.063515 0.0151048 0.00204985 9.99821E-05 0.799272 9.99821E-05
0.0793866 0.351819 9.9973E-05 0.106451 9.9973E-05 0.462043 9.9973E-05
0.42061 0.241702 9.99731E-05 0.256361 9.99731E-05 0.0810276 9.99731E-05
0.417438 0.00868727 9.99731E-05 0.058086 9.99731E-05 0.515489 9.99731E-05
0.181166 0.248501 9.99821E-05 0.297916 0.000794289 0.271422 9.99821E-05
0.123571 0.163684 9.9973E-05 9.9973E-05 9.9973E-05 0.625803 0.0866418
0.450693 0.0794353 9.99731E-05 0.282995 9.99731E-05 0.186577 9.99731E-05
0.0758803 0.102667 9.99642E-05 9.99642E-05 9.99642E-05 0.821052 9.99642E-05
0.0733769 0.0472295 9.99731E-05 9.99731E-05 9.99731E-05 0.643869 0.235225
0.204056 0.160881 9.99642E-05 9.99642E-05 9.99642E-05 0.634663 9.99642E-05
0.0600884 0.20371 9.9991E-05 0.0415038 0.0391284 0.557272 0.0981979
0.107982 9.9973E-05 9.9973E-05 0.0556712 9.9973E-05 0.800595 0.0354517
0.0130301 0.28287 9.99821E-05 0.305998 9.99821E-05 0.290973 0.106929
0.0753295 0.0769771 0.0229034 9.9982E-05 9.9982E-05 0.736799 0.0877911
0.0444782 9.99731E-05 9.99731E-05 0.281609 9.99731E-05 0.628686 0.0449264
0.385039 0.26957 9.9973E-05 0.122483 9.9973E-05 0.222608 9.9973E-05
0.244043 0.370661 9.99731E-05 0.29408 9.99731E-05 9.99731E-05 0.0909156
0.131475 0.436675 9.9982E-05 0.148637 9.9982E-05 0.215351 0.0676616
0.267681 0.165438 9.9991E-05 0.163602 0.0127448 0.274249 0.116185
0.477967 0.0909392 0.00796469 0.222857 9.9991E-05 0.100405 0.0997678
0.717397 9.99641E-05 9.99641E-05 0.166342 9.99641E-05 0.115861 9.99641E-05
0.168848 0.142092 9.9982E-05 0.0733352 9.9982E-05 0.391283 0.224241
0.564612 0.0889018 9.9973E-05 0.341307 0.00487929 9.9973E-05 9.9973E-05
0.421777 0.246632 9.9982E-05 0.177066 9.9982E-05 0.00711891 0.147206
0.559665 0.182346 0.00687993 0.111821 9.9982E-05 0.139089 9.9982E-05
0.749181 9.99641E-05 9.99641E-05 0.0257037 9.99641E-05 0.224716 9.99641E-05
0.587728 9.99821E-05 0.00338469 0.0249015 9.99821E-05 0.237596 0.146189
0.515282 0.0834903 9.99821E-05 0.141797 9.99821E-05 0.150774 0.108457
0.673203 9.99731E-05 9.99731E-05 0.021849 9.99731E-05 0.0985898 0.206059
0.180217 0.455067 9.99731E-05 9.99731E-05 0.00739934 0.357017 9.99731E-05
0.514002 9.99641E-05 9.99641E-05 0.183954 9.99641E-05 9.99641E-05 0.301644
0.645736 9.99641E-05 9.99641E-05 0.235037 9.99641E-05 0.118827 9.99641E-05
0.668246 9.99641E-05 9.99641E-05 0.12543 9.99641E-05 9.99641E-05 0.205924
0.703302 0.133734 9.9982E-05 0.130424 0.00365201 0.0286878 9.9982E-05
0.340349 0.0599612 9.9991E-05 0.265137 0.0340189 0.164205 0.136229
0.414668 9.99731E-05 9.99731E-05 0.352762 9.99731E-05 0.213617 0.0186532
0.784152 9.99821E-05 9.99821E-05 0.01842 0.0322585 0.123227 0.0417432
0.479811 0.249937 9.99821E-05 0.143029 9.99821E-05 0.0412927 0.0857305
0.356184 0.204925 9.9973E-05 0.231582 9.9973E-05 9.9973E-05 0.207009
0.742634 9.99731E-05 9.99731E-05 0.0740642 0.00493162 9.99731E-05 0.178071
0.394873 9.9973E-05 9.9973E-05 0.155162 9.9973E-05 0.340714 0.108951
0.486803 0.0911582 9.99821E-05 9.99821E-05 0.013754 0.212248 0.195836
0.386193 0.0888989 9.9982E-05 0.144974 9.9982E-05 0.211291 0.168443
0.749301 9.99731E-05 9.99731E-05 0.0725539 0.00368232 9.99731E-05 0.174163
0.574724 0.121059 9.9973E-05 0.242494 9.9973E-05 9.9973E-05 0.0614222
0.740354 0.171357 9.99641E-05 0.0878891 9.99641E-05 9.99641E-05 9.99641E-05
0.468333 9.9991E-05 0.0201222 0.208568 0.0327853 0.072076 0.198015
0.511902 0.0369509 9.99821E-05 0.0899117 9.99821E-05 0.167105 0.193931
0.488759 0.0476038 0.000942019 0.0768515 9.9991E-05 0.291246 0.0944976
0.416716 0.120524 9.9991E-05 0.111697 0.00446819 0.191636 0.154859
0.450698 9.99642E-05 9.99642E-05 0.0404534 9.99642E-05 0.508448 9.99642E-05
0.179832 0.157697 9.9982E-05 0.0167571 9.9982E-05 0.445315 0.200198
0.558829 0.220375 9.99731E-05 0.0087333 9.99731E-05 9.99731E-05 0.211763
0.744416 0.115936 9.99641E-05 0.139248 9.99641E-05 9.99641E-05 9.99641E-05
0.676674 0.0926701 9.99731E-05 9.99731E-05 9.99731E-05 0.0857775 0.144578
0.441835 0.092941 9.99821E-05 0.189066 9.99821E-05 0.0462151 0.229743
9.99731E-05 0.162798 9.99731E-05 0.151317 0.000786763 0.684799 9.99731E-05
0.618551 9.99732E-05 9.99732E-05 9.99732E-05 0.00435563 0.263869 0.112925
0.604277 0.174024 9.99731E-05 0.193172 9.99731E-05 9.99731E-05 0.0282263
0.65801 0.132176 9.99731E-05 9.99731E-05 0.000378078 0.209135 9.99731E-05
0.640313 0.125537 9.9982E-05 0.0515562 9.9982E-05 0.0855897 0.0968042
0.645192 0.0436227 9.99731E-05 0.271723 9.99731E-05 9.99731E-05 0.0391616
0.400334 9.9973E-05 9.9973E-05 0.027631 9.9973E-05 0.287969 0.283765
0.7001 0.10964 9.9982E-05 0.0160643 0.0271973 0.146799 9.9982E-05
0.445926 9.9982E-05 0.0143538 0.105065 9.9982E-05 0.303048 0.131408
0.121988 0.164564 9.9973E-05 0.312707 9.9973E-05 0.400442 9.9973E-05
0.584324 0.175743 9.99641E-05 0.239533 9.99641E-05 9.99641E-05 9.99641E-05
9.99731E-05 0.138516 9.99731E-05 0.383753 9.99731E-05 0.322038 0.155393
0.545537 9.9982E-05 0.0207134 0.161674 9.9982E-05 0.251053 0.0208226
0.460009 0.112987 9.99731E-05 0.0903462 9.99731E-05 0.336358 9.99731E-05
0.500788 0.0251577 9.99731E-05 0.251352 9.99731E-05 9.99731E-05 0.222401
0.501054 0.161111 9.9973E-05 9.9973E-05 9.9973E-05 0.269914 0.0676212
0.418804 0.245476 9.9982E-05 0.143327 9.9982E-05 0.135036 0.0571572
0.367616 0.183431 9.99731E-05 0.0588232 9.99731E-05 0.38983 9.99731E-05
0.338359 0.0697031 9.99731E-05 0.386489 9.99731E-05 0.205149 9.99731E-05
0.507909 0.129163 9.99731E-05 0.198885 9.99731E-05 0.163743 9.99731E-05
0.547797 0.0745358 9.9982E-05 0.265235 9.9982E-05 0.0399285 0.0723037
0.483468 0.175737 9.9973E-05 0.16036 9.9973E-05 0.180135 9.9973E-05
0.24492 0.0637122 9.9982E-05 0.0140928 9.9982E-05 0.350228 0.326847
0.632863 0.0218626 9.99821E-05 0.20141 9.99821E-05 0.114173 0.0294919
0.638556 9.99731E-05 9.99731E-05 0.00666458 9.99731E-05 0.160138 0.194341
0.365956 9.99731E-05 9.99731E-05 0.082171 9.99731E-05 0.207554 0.344019
0.439446 0.170732 9.99641E-05 9.99641E-05 9.99641E-05 0.389422 9.99641E-05
0.465335 9.99731E-05 0.011616 9.99731E-05 9.99731E-05 0.477189 0.0455597
0.577015 0.0128911 9.9982E-05 0.0380388 9.9982E-05 0.0752099 0.296646
0.443178 0.26735 9.99731E-05 9.99731E-05 9.99731E-05 0.0671779 0.221994
0.236892 0.0858237 0.00162736 0.312366 9.9991E-05 0.330579 0.0326117
0.473729 0.230949 9.99731E-05 0.132631 9.99731E-05 9.99731E-05 0.162391
0.65111 9.99641E-05 9.99641E-05 9.99641E-05 9.99641E-05 0.181344 0.167146
0.0125122 0.255251 9.9982E-05 0.393951 0.0206603 0.317426 9.9982E-05
0.255081 0.0982286 9.99731E-05 9.99731E-05 9.99731E-05 0.356932 0.289458
0.272091 0.321907 9.99641E-05 9.99641E-05 9.99641E-05 0.405602 9.99641E-05
9.99641E-05 0.417948 9.99641E-05 0.0673025 9.99641E-05 0.51435 9.99641E-05
0.144639 0.12358 9.99641E-05 9.99641E-05 9.99641E-05 0.731382 9.99641E-05
0.506793 0.231139 9.99731E-05 9.99731E-05 9.99731E-05 0.137531 0.124237
9.99731E-05 0.0313066 9.99731E-05 0.374179 9.99731E-05 0.347357 0.246857
0.531033 0.19325 9.9982E-05 0.0163234 0.0076806 0.251513 9.9982E-05
0.334724 0.0574257 9.9982E-05 0.0835245 9.9982E-05 0.317106 0.20702
0.179482 0.529953 9.99821E-05 0.116027 9.99821E-05 0.128911 0.0454269
0.357173 0.0568951 9.9982E-05 0.0909619 9.9982E-05 0.17583 0.31894
0.408693 0.0607865 9.9982E-05 0.257123 0.0205361 0.252661 9.9982E-05
0.37296 9.99731E-05 9.99731E-05 0.192154 9.99731E-05 0.176553 0.258034
0.542416 9.99731E-05 0.000803549 9.99731E-05 9.99731E-05 0.257406 0.199075
0.655156 9.99641E-05 9.99641E-05 0.0732113 9.99641E-05 9.99641E-05 0.271233
0.712113 0.0246596 9.99731E-05 0.0775616 9.99731E-05 0.185366 9.99731E-05
0.531323 9.9973E-05 9.9973E-05 0.211228 0.00600561 9.9973E-05 0.251143
0.741232 0.112219 9.99731E-05 0.123745 9.99731E-05 9.99731E-05 0.0225038
0.584472 0.225766 0.0173761 0.0495483 9.9982E-05 9.9982E-05 0.122638
0.324959 0.281615 9.9991E-05 0.0170117 0.000764541 0.159949 0.215601
0.374003 9.9982E-05 0.0029752 0.15712 9.9982E-05 0.207349 0.258352
0.707227 9.99731E-05 9.99731E-05 0.154001 9.99731E-05 0.119683 0.0187897
0.476415 9.99731E-05 9.99731E-05 0.168241 9.99731E-05 0.190279 0.164765
0.568482 0.136955 9.99821E-05 0.272664 0.0119506 9.99821E-05 0.00974829
0.511077 9.9964E-05 9.9964E-05 9.9964E-05 9.9964E-05 0.340005 0.148519
0.526245 9.9991E-05 0.00578652 0.245227 0.0157657 0.0618476 0.145028
0.475997 0.0255771 9.9982E-05 0.191186 9.9982E-05 0.0909018 0.216137
0.462553 9.9982E-05 0.0178097 0.0728132 9.9982E-05 0.399593 0.0470315
0.417202 0.0446887 9.9991E-05 0.106756 0.0571281 0.100384 0.273741
0.659109 9.9982E-05 9.9982E-05 0.135735 0.0140809 0.131332 0.0595428
0.731196 0.19813 0.0340171 0.0363564 9.99731E-05 9.99731E-05 9.99731E-05
0.664385 9.99642E-05 9.99642E-05 0.116384 9.99642E-05 9.99642E-05 0.218831
0.445533 0.141561 9.99731E-05 0.105585 9.99731E-05 9.99731E-05 0.307021
0.784123 9.99641E-05 9.99641E-05 0.054216 9.99641E-05 0.161261 9.99641E-05
0.170781 0.0281175 9.99821E-05 0.109252 9.99821E-05 0.397026 0.294624
0.698853 9.99641E-05 9.99641E-05 9.99641E-05 9.99641E-05 0.24006 0.0606863
0.673882 9.99731E-05 0.00987514 9.99731E-05 9.99731E-05 0.0665519 0.249391
0.571609 0.334788 0.0141172 0.0791859 9.99731E-05 9.99731E-05 9.99731E-05
0.339514 0.12193 9.9991E-05 0.366706 0.00710279 0.122935 0.041713
0.448364 9.99641E-05 9.99641E-05 9.99641E-05 9.99641E-05 0.275834 0.275402
0.343506 0.0259859 0.0249747 9.9982E-05 9.9982E-05 0.536349 0.0689847
0.708063 0.180073 9.99731E-05 0.0107282 9.99731E-05 9.99731E-05 0.100836
0.492363 9.99641E-05 9.99641E-05 0.228844 9.99641E-05 9.99641E-05 0.278394
0.294419 0.351936 9.9982E-05 0.241315 9.9982E-05 0.0440449 0.0680861
0.635059 9.9991E-05 0.0180585 0.163713 0.0163407 0.141278 0.0254504
0.333179 0.0411223 9.9982E-05 0.243442 9.9982E-05 0.172319 0.209738
0.845378 0.0691131 9.9982E-05 0.050232 9.9982E-05 0.0309348 0.00414196
0.780591 0.0316123 9.99731E-05 0.119395 9.99731E-05 9.99731E-05 0.0681018
0.669568 9.9982E-05 9.9982E-05 0.142675 0.0152363 0.102216 0.0701043
0.429649 9.9973E-05 9.9973E-05 0.355973 9.9973E-05 0.068356 0.145722
0.510865 0.237455 9.99731E-05 0.188245 9.99731E-05 9.99731E-05 0.0631357
0.642675 0.00799268 0.0249234 0.119127 9.99821E-05 9.99821E-05 0.205082
0.431007 0.266136 9.9991E-05 0.093496 0.0452887 0.0242969 0.139675
0.688884 9.9982E-05 9.9982E-05 0.0579256 0.0152746 0.0477444 0.189971
0.35922 0.0966901 0.00763144 0.184954 9.9991E-05 0.124453 0.226951
0.499146 0.0366675 9.9973E-05 9.9973E-05 9.9973E-05 0.258539 0.205348
0.709309 9.99731E-05 9.99731E-05 0.0166196 9.99731E-05 0.163446 0.110326
0.556059 0.177644 0.0114761 0.09956 9.9982E-05 9.9982E-05 0.155061
0.433845 9.99641E-05 9.99641E-05 0.265212 9.99641E-05 0.300543 9.99641E-05
0.594451 0.0965855 0.0268178 0.197986 9.9982E-05 9.9982E-05 0.0839595
0.576873 0.186767 9.99731E-05 0.156372 9.99731E-05 9.99731E-05 0.0796873
0.728711 0.00552275 9.99642E-05 0.265366 9.99642E-05 9.99642E-05 9.99642E-05
0.474687 0.22801 9.9982E-05 0.244586 0.0122548 9.9982E-05 0.0402622
0.59124 0.0046458 0.0460032 0.0853212 9.9991E-05 0.11006 0.16263
0.655883 9.99731E-05 9.99731E-05 0.0127231 9.99731E-05 0.271803 0.0592914
0.645445 0.256951 9.99821E-05 0.0651042 9.99821E-05 0.025588 0.00671127
0.445127 0.128871 9.9982E-05 0.207084 9.9982E-05 0.0216651 0.197052
0.732737 0.0581007 9.99731E-05 9.99731E-05 9.99731E-05 0.172298 0.0365646
0.543962 9.9982E-05 9.9982E-05 0.154968 0.0214708 0.177193 0.102206
0.543547 9.99821E-05 0.0166972 9.99821E-05 0.0230236 0.369137 0.0473955
0.372484 0.181629 9.99821E-05 0.142491 9.99821E-05 0.122797 0.1804
0.491972 9.9964E-05 9.9964E-05 0.396299 9.9964E-05 9.9964E-05 0.111329
0.288792 0.290756 9.99731E-05 0.345345 9.99731E-05 9.99731E-05 0.0748076
0.63905 0.0300291 9.9973E-05 0.12382 9.9973E-05 0.206801 9.9973E-05
0.841615 9.9982E-05 0.0102663 0.0751577 9.9982E-05 0.0655996 0.00716105
0.367617 9.9973E-05 9.9973E-05 0.0459749 9.9973E-05 0.161927 0.424182
0.622728 9.9982E-05 0.00595996 0.0455841 9.9982E-05 0.17925 0.146279
0.893267 9.99551E-05 9.99551E-05 9.99551E-05 9.99551E-05 9.99551E-05 0.106233
0.506443 0.0344366 9.9982E-05 0.237949 9.9982E-05 0.120877 0.100095
0.600823 0.0396317 9.99821E-05 0.214379 9.99821E-05 0.0292034 0.115763
0.59225 9.99641E-05 9.99641E-05 9.99641E-05 9.99641E-05 0.141657 0.265694
0.385237 9.99641E-05 9.99641E-05 0.226678 9.99641E-05 9.99641E-05 0.387685
0.666988 9.9973E-05 9.9973E-05 0.206346 9.9973E-05 0.0822415 0.0441246
0.772004 0.152676 9.99731E-05 0.00378397 9.99731E-05 9.99731E-05 0.0712365
0.739887 0.00300698 9.9991E-05 0.0374437 0.00885773 0.176934 0.0337709
0.81561 0.130043 9.99642E-05 0.0539473 9.99642E-05 9.99642E-05 9.99642E-05
0.569441 0.124217 9.9982E-05 0.0528862 9.9982E-05 0.0856522 0.167603
0.485734 0.0365968 0.00213946 9.9991E-05 0.000168695 0.239707 0.235554
0.672959 9.9964E-05 9.9964E-05 0.0957052 9.9964E-05 0.230936 9.9964E-05
0.466716 0.105494 9.9982E-05 0.211641 9.9982E-05 0.0900484 0.125901
0.569349 0.189881 9.9973E-05 0.150656 9.9973E-05 9.9973E-05 0.0898134
0.619173 9.99641E-05 9.99641E-05 0.336123 9.99641E-05 9.99641E-05 0.044305
0.756814 0.00397945 9.99641E-05 9.99641E-05 9.99641E-05 9.99641E-05 0.238807
