0.186227 9.99641E-05 9.99641E-05 0.286128 9.99641E-05 0.0783965 0.000520605 9.99641E-05 0.0137358 0.434592
0.593696 0.195661 9.99371E-05 9.99371E-05 9.99371E-05 9.99371E-05 9.99371E-05 9.99371E-05 9.99371E-05 0.209943
0.224734 0.0741797 9.99641E-05 0.270229 9.99641E-05 0.0576786 9.99641E-05 9.99641E-05 0.0982366 0.274542
0.371072 0.0181953 9.9964E-05 0.0924362 9.9964E-05 0.102232 9.9964E-05 9.9964E-05 0.00501289 0.410652
0.192545 0.27927 0.0101349 0.331641 9.9973E-05 0.0875842 9.9973E-05 0.0182906 0.0802344 9.9973E-05
0.607592 9.99461E-05 9.99461E-05 9.99461E-05 0.0109613 9.99461E-05 9.99461E-05 9.99461E-05 0.134094 0.246753
0.586835 0.162951 9.99462E-05 9.99462E-05 9.99462E-05 9.99462E-05 9.99462E-05 9.99462E-05 0.0219941 0.22762
0.27912 0.230231 0.0201998 0.241396 9.9973E-05 0.0610985 9.9973E-05 0.00326835 0.164387 9.9973E-05
0.471589 0.0257672 0.0139049 0.220178 9.9964E-05 0.212775 9.9964E-05 9.9964E-05 9.9964E-05 0.0553866
0.358882 0.225343 9.9955E-05 0.0629549 9.9955E-05 9.9955E-05 9.9955E-05 9.9955E-05 0.194427 0.157894
0.613473 0.0583395 9.99462E-05 0.175869 9.99462E-05 9.99462E-05 9.99462E-05 9.99462E-05 0.151719 9.99462E-05
0.261577 0.20577 9.9973E-05 0.232996 9.9973E-05 0.195945 0.00290276 9.9973E-05 0.0536131 0.0468968
0.165692 0.35377 9.99641E-05 0.319299 9.99641E-05 0.0699097 9.99641E-05 0.0384593 0.0524702 9.99641E-05
0.0237577 0.0373233 0.000498204 0.38425 9.99731E-05 9.99731E-05 0.00975258 9.99731E-05 0.110265 0.433852
0.20191 9.99551E-05 9.99551E-05 0.0557939 9.99551E-05 0.024303 9.99551E-05 9.99551E-05 0.281262 0.436232
0.182442 0.0298519 9.99552E-05 0.253315 9.99552E-05 9.99552E-05 9.99552E-05 9.99552E-05 0.195615 0.338277
0.590298 0.0839667 9.99462E-05 9.99462E-05 9.99462E-05 0.0780357 9.99462E-05 9.99462E-05 9.99462E-05 0.2471
0.433766 0.223527 9.99731E-05 0.108159 9.99731E-05 0.0809773 0.00494696 9.99731E-05 0.0417954 0.106528
0.765293 9.99461E-05 9.99461E-05 0.0947867 9.99461E-05 0.0198139 9.99461E-05 9.99461E-05 9.99461E-05 0.119506
0.196939 0.257192 9.9964E-05 0.130928 9.9964E-05 0.122344 9.9964E-05 9.9964E-05 0.19017 0.102028
0.113092 0.17736 0.00502677 0.472357 9.9973E-05 0.222383 0.000226031 9.9973E-05 0.00925574 9.9973E-05
0.324604 9.99461E-05 9.99461E-05 0.312161 9.99461E-05 0.115028 9.99461E-05 9.99461E-05 9.99461E-05 0.247607
0.600228 0.138663 9.99461E-05 0.0962439 9.99461E-05 9.99461E-05 9.99461E-05 9.99461E-05 0.164266 9.99461E-05
0.129179 0.204157 9.99551E-05 0.384997 9.99551E-05 9.99551E-05 9.99551E-05 9.99551E-05 0.242288 0.0388801
0.553146 0.070708 0.00593108 0.022245 9.99731E-05 0.164155 9.99731E-05 9.99731E-05 0.0264323 0.157082
0.196201 0.372317 0.0156746 0.373909 9.9955E-05 9.9955E-05 9.9955E-05 9.9955E-05 9.9955E-05 0.0413996
0.249272 0.162641 9.9964E-05 0.509156 9.9964E-05 0.0590853 0.0164575 9.9964E-05 0.00298772 9.9964E-05
0.337742 0.0179104 9.99551E-05 0.0801449 9.99551E-05 0.0244426 9.99551E-05 9.99551E-05 9.99551E-05 0.53926
0.386447 0.231859 0.00108894 0.26685 9.9982E-05 0.0544429 0.000859922 0.000190722 0.0580622 9.9982E-05
0.699107 0.101559 9.99462E-05 9.99462E-05 9.99462E-05 9.99462E-05 9.99462E-05 9.99462E-05 0.0151061 0.183628
0.423826 9.99551E-05 9.99551E-05 0.0896486 9.99551E-05 0.181244 9.99551E-05 9.99551E-05 0.0469583 0.257823
0.379182 0.153643 9.9964E-05 0.194538 9.9964E-05 0.0947375 9.9964E-05 9.9964E-05 0.138874 0.0386256
0.476926 9.99551E-05 9.99551E-05 0.082726 9.99551E-05 0.250179 9.99551E-05 9.99551E-05 0.0844383 0.105232
0.163909 9.99461E-05 9.99461E-05 0.472543 9.99461E-05 0.0847677 9.99461E-05 9.99461E-05 9.99461E-05 0.278181
0.374075 0.0592589 9.99641E-05 0.427798 9.99641E-05 0.0230128 9.99641E-05 9.99641E-05 0.102931 0.0125239
0.25036 0.0770921 0.0207968 0.117588 9.99641E-05 9.99641E-05 9.99641E-05 9.99641E-05 0.111949 0.421814
0.0916047 0.0799852 9.99731E-05 0.271425 9.99731E-05 0.0286183 9.99731E-05 0.000755004 0.263351 0.263961
0.016653 0.132997 9.99551E-05 0.5737 9.99551E-05 9.99551E-05 9.99551E-05 9.99551E-05 0.0177837 0.258367
0.341705 0.0427347 0.00474831 0.372187 9.99641E-05 9.99641E-05 9.99641E-05 0.0107167 9.99641E-05 0.227509
0.377193 0.130757 9.99641E-05 0.0571424 9.99641E-05 0.230274 9.99641E-05 9.99641E-05 0.0492589 0.154975
0.152263 0.220471 0.0432331 0.368399 9.99641E-05 0.0993271 9.99641E-05 9.99641E-05 0.115907 9.99641E-05
0.164869 0.253105 9.99461E-05 0.564241 9.99461E-05 9.99461E-05 9.99461E-05 9.99461E-05 0.0171853 9.99461E-05
0.419689 9.99551E-05 9.99551E-05 9.99551E-05 0.0140907 0.0100314 9.99551E-05 9.99551E-05 0.290374 0.265315
0.203038 0.0659129 9.99461E-05 9.99461E-05 9.99461E-05 9.99461E-05 9.99461E-05 9.99461E-05 0.0133678 0.717082
0.528482 0.111537 9.99641E-05 9.99641E-05 9.99641E-05 0.0512126 9.99641E-05 0.0017507 0.130448 0.176171
0.223232 9.99462E-05 9.99462E-05 0.302818 9.99462E-05 9.99462E-05 0.00204301 9.99462E-05 9.99462E-05 0.471308
0.384279 9.99551E-05 9.99551E-05 0.153022 0.000326013 9.99551E-05 9.99551E-05 0.000215285 9.99551E-05 0.461658
0.105109 0.19318 9.99551E-05 0.092532 9.99551E-05 9.99551E-05 9.99551E-05 9.99551E-05 0.114785 0.493895
0.191243 0.183758 9.99461E-05 0.381133 9.99461E-05 9.99461E-05 9.99461E-05 9.99461E-05 0.243266 9.99461E-05
0.574403 9.99461E-05 9.99461E-05 0.0588355 9.99461E-05 9.99461E-05 9.99461E-05 9.99461E-05 0.0478999 0.318261
0.7506 0.0683806 0.0004696 0.0878567 0.00420855 0.0541321 9.99731E-05 9.99731E-05 9.99731E-05 0.0340527
0.635887 9.99371E-05 9.99371E-05 0.237819 9.99371E-05 0.125595 9.99371E-05 9.99371E-05 9.99371E-05 9.99371E-05
0.255203 0.214019 9.9955E-05 0.0804381 9.9955E-05 0.0748254 9.9955E-05 9.9955E-05 9.9955E-05 0.375014
0.494995 0.167089 9.99373E-05 0.337217 9.99373E-05 9.99373E-05 9.99373E-05 9.99373E-05 9.99373E-05 9.99373E-05
0.461386 0.248206 0.00230404 0.0623611 9.9973E-05 0.0897308 9.9973E-05 9.9973E-05 0.0102303 0.125483
0.403948 0.0393322 0.0149927 9.99641E-05 9.99641E-05 0.205667 9.99641E-05 9.99641E-05 0.00446994 0.33119
0.13125 0.116068 9.99551E-05 9.99551E-05 9.99551E-05 9.99551E-05 9.99551E-05 0.0017104 0.236332 0.51414
0.349594 0.0973697 9.9964E-05 0.160952 9.9964E-05 0.0213436 9.9964E-05 9.9964E-05 0.0635745 0.306766
0.338733 9.9946E-05 9.9946E-05 0.134454 9.9946E-05 0.172977 9.9946E-05 9.9946E-05 9.9946E-05 0.353237
0.578867 0.200238 9.99371E-05 9.99371E-05 9.99371E-05 9.99371E-05 9.99371E-05 9.99371E-05 9.99371E-05 0.220195
0.111769 0.170938 9.9946E-05 0.381179 9.9946E-05 9.9946E-05 9.9946E-05 9.9946E-05 9.9946E-05 0.335515
0.102204 0.0723065 9.99551E-05 0.278668 9.99551E-05 0.165735 9.99551E-05 9.99551E-05 9.99551E-05 0.380587
0.607366 0.145176 0.00589306 0.202695 9.99641E-05 0.0318883 9.99641E-05 9.99641E-05 9.99641E-05 0.00658183
0.20462 9.99462E-05 9.99462E-05 0.0827462 9.99462E-05 0.111457 9.99462E-05 9.99462E-05 9.99462E-05 0.600576
0.247913 9.9955E-05 9.9955E-05 0.114259 9.9955E-05 0.167889 9.9955E-05 9.9955E-05 0.15911 0.310329
0.354706 0.0912204 9.9964E-05 0.0937765 0.00211373 9.9964E-05 9.9964E-05 9.9964E-05 0.000104092 0.45768
0.673227 0.0625848 9.99552E-05 0.125183 9.99552E-05 9.99552E-05 9.99552E-05 9.99552E-05 0.0586777 0.0798285
0.606288 9.99372E-05 9.99372E-05 0.30018 9.99372E-05 0.0928328 9.99372E-05 9.99372E-05 9.99372E-05 9.99372E-05
0.520095 0.131426 0.00376525 0.0593349 9.99731E-05 0.0142787 9.99731E-05 9.99731E-05 0.121023 0.149776
0.408974 9.99552E-05 9.99552E-05 0.196055 9.99552E-05 0.13017 9.99552E-05 9.99552E-05 0.0760968 0.188204
0.417004 0.155879 9.99731E-05 0.191954 0.00167934 9.99731E-05 0.00705091 0.00624754 9.99731E-05 0.219885
0.249616 0.0822751 9.99551E-05 0.303596 9.99551E-05 9.99551E-05 9.99551E-05 9.99551E-05 0.00188279 0.36213
0.373802 9.99462E-05 9.99462E-05 0.157447 9.99462E-05 0.194861 9.99462E-05 9.99462E-05 9.99462E-05 0.27329
0.257131 0.232777 9.99552E-05 0.017983 9.99552E-05 0.110594 9.99552E-05 9.99552E-05 9.99552E-05 0.381014
0.319528 0.104272 9.99462E-05 0.220547 9.99462E-05 9.99462E-05 9.99462E-05 9.99462E-05 9.99462E-05 0.355053
0.497252 9.99551E-05 0.00167548 0.0440508 9.99551E-05 9.99551E-05 9.99551E-05 9.99551E-05 0.0284367 0.428086
0.372584 0.00826054 9.99551E-05 0.0327864 9.99551E-05 0.183822 9.99551E-05 9.99551E-05 9.99551E-05 0.402047
0.254175 0.323015 9.99641E-05 0.0114882 9.99641E-05 0.131199 9.99641E-05 9.99641E-05 0.177631 0.102093
0.117699 0.0395324 9.99551E-05 0.264539 9.99551E-05 9.99551E-05 9.99551E-05 9.99551E-05 0.198685 0.379045
0.0265181 0.735577 9.99551E-05 0.161556 9.99551E-05 0.0560633 9.99551E-05 9.99551E-05 0.0197856 9.99551E-05
9.99551E-05 0.768029 0.000627819 9.99551E-05 9.99551E-05 9.99551E-05 9.99551E-05 0.000862785 0.0889947 0.140986
9.99731E-05 0.696152 9.99731E-05 0.124256 0.00643688 0.0821763 9.99731E-05 0.00636977 0.0657828 0.0185267
0.0150912 0.633129 9.99551E-05 0.261197 9.99551E-05 9.99551E-05 0.00327653 9.99551E-05 9.99551E-05 0.0868066
0.0355169 0.90706 9.99462E-05 9.99462E-05 9.99462E-05 9.99462E-05 9.99462E-05 9.99462E-05 0.0470497 0.00977355
0.117215 0.686208 9.99551E-05 9.99551E-05 9.99551E-05 0.185543 0.000650707 0.00988304 9.99551E-05 9.99551E-05
9.99551E-05 0.677603 9.99551E-05 0.0253657 0.00994473 0.140008 9.99551E-05 9.99551E-05 9.99551E-05 0.146578
9.99461E-05 0.602162 9.99461E-05 9.99461E-05 9.99461E-05 0.206067 0.0321693 9.99461E-05 0.159001 9.99461E-05
0.0598982 0.862804 0.00550293 9.99551E-05 9.99551E-05 0.0550522 9.99551E-05 0.0162425 9.99551E-05 9.99551E-05
9.99461E-05 0.768609 9.99461E-05 0.216703 9.99461E-05 9.99461E-05 0.0137981 0.000290512 9.99461E-05 9.99461E-05
0.131623 0.843257 9.99373E-05 9.99373E-05 9.99373E-05 0.0244203 9.99373E-05 9.99373E-05 9.99373E-05 9.99373E-05
9.99731E-05 0.73531 0.00914652 0.0462931 0.0195112 0.178448 0.00193918 9.99731E-05 9.99731E-05 0.00905202
9.99461E-05 0.751204 9.99461E-05 0.0674551 9.99461E-05 0.16949 9.99461E-05 0.0112517 9.99461E-05 9.99461E-05
0.320957 0.577238 9.99462E-05 9.99462E-05 9.99462E-05 0.0193715 9.99462E-05 9.99462E-05 9.99462E-05 0.0818341
9.99551E-05 0.703076 9.99551E-05 9.99551E-05 9.99551E-05 0.100391 0.0537449 9.99551E-05 0.0873044 0.0549845
9.99371E-05 0.861446 9.99371E-05 9.99371E-05 9.99371E-05 9.99371E-05 9.99371E-05 9.99371E-05 0.0206299 0.117224
9.99372E-05 0.791942 9.99372E-05 9.99372E-05 9.99372E-05 0.192076 9.99372E-05 9.99372E-05 0.0152832 9.99372E-05
9.99372E-05 0.663283 9.99372E-05 9.99372E-05 9.99372E-05 0.0319585 9.99372E-05 9.99372E-05 9.99372E-05 0.304059
9.99463E-05 0.659606 9.99463E-05 9.99463E-05 9.99463E-05 9.99463E-05 0.0178963 9.99463E-05 0.256432 0.0654666
9.99461E-05 0.717978 9.99461E-05 0.0434234 9.99461E-05 0.189138 9.99461E-05 9.99461E-05 0.0488603 9.99461E-05
0.0116598 0.987541 9.99282E-05 9.99282E-05 9.99282E-05 9.99282E-05 9.99282E-05 9.99282E-05 9.99282E-05 9.99282E-05
9.99462E-05 0.752376 9.99462E-05 0.113646 9.99462E-05 0.0992071 0.0341712 9.99462E-05 9.99462E-05 9.99462E-05
9.99372E-05 0.953592 9.99372E-05 9.99372E-05 9.99372E-05 9.99372E-05 9.99372E-05 9.99372E-05 0.0391549 0.00655328
0.176352 0.730843 0.0125557 0.0796504 9.99461E-05 9.99461E-05 9.99461E-05 9.99461E-05 9.99461E-05 9.99461E-05
9.99372E-05 0.910763 9.99372E-05 9.99372E-05 9.99372E-05 0.0763493 0.0121884 9.99372E-05 9.99372E-05 9.99372E-05
9.99461E-05 0.608301 9.99461E-05 0.212426 9.99461E-05 0.0987208 9.99461E-05 9.99461E-05 0.0799527 9.99461E-05
9.99462E-05 0.748136 9.99462E-05 0.0350893 9.99462E-05 9.99462E-05 9.99462E-05 9.99462E-05 0.070232 0.145943
9.99551E-05 0.807668 9.99551E-05 0.111848 0.009255 0.0484596 9.99551E-05 9.99551E-05 0.0222695 9.99551E-05
0.0412582 0.790469 9.99552E-05 9.99552E-05 9.99552E-05 0.0479978 9.99552E-05 9.99552E-05 0.0917923 0.0279823
9.99551E-05 0.358677 9.99551E-05 0.046518 9.99551E-05 9.99551E-05 0.0235522 9.99551E-05 0.241834 0.328919
0.0360495 0.812105 9.99462E-05 0.0627446 9.99462E-05 9.99462E-05 9.99462E-05 9.99462E-05 9.99462E-05 0.0885017
9.99372E-05 0.913599 9.99372E-05 9.99372E-05 0.0315508 0.0541502 9.99372E-05 9.99372E-05 9.99372E-05 9.99372E-05
9.99462E-05 0.784208 9.99462E-05 0.127319 0.0162681 0.0716053 9.99462E-05 9.99462E-05 9.99462E-05 9.99462E-05
9.99461E-05 0.818907 0.0447428 0.0868408 9.99461E-05 0.04891 9.99461E-05 9.99461E-05 9.99461E-05 9.99461E-05
0.0757441 0.602887 9.99461E-05 9.99461E-05 9.99461E-05 9.99461E-05 9.99461E-05 9.99461E-05 0.194346 0.126423
9.9955E-05 0.628894 9.9955E-05 0.13554 9.9955E-05 0.107519 0.0405522 9.9955E-05 0.0869945 9.9955E-05
0.590747 0.0436306 9.99551E-05 0.108013 9.99551E-05 0.142805 9.99551E-05 9.99551E-05 9.99551E-05 0.114305
0.566928 0.0596507 9.99641E-05 0.257949 9.99641E-05 0.110523 0.00163828 9.99641E-05 0.00291094 9.99641E-05
0.483763 9.9973E-05 9.9973E-05 0.0612942 0.00690261 0.208182 0.00489073 9.9973E-05 0.2239 0.0107684
0.338939 0.237731 9.99641E-05 0.116333 9.99641E-05 9.99641E-05 9.99641E-05 0.00744349 0.109231 0.189923
0.25088 0.166049 9.99731E-05 0.0850688 0.00469596 0.000383911 9.99731E-05 9.99731E-05 0.197158 0.295464
0.225781 0.235327 9.99551E-05 0.238124 9.99551E-05 0.0698882 9.99551E-05 9.99551E-05 9.99551E-05 0.23038
0.179038 0.113859 9.99551E-05 9.99551E-05 9.99551E-05 0.0186619 9.99551E-05 9.99551E-05 0.409686 0.278254
0.10186 0.330014 9.99552E-05 0.470204 9.99552E-05 9.99552E-05 0.0120929 9.99552E-05 9.99552E-05 0.0853293
0.265188 0.255844 9.99461E-05 9.99461E-05 9.99461E-05 9.99461E-05 9.99461E-05 9.99461E-05 0.346321 0.132047
0.466158 0.0641457 9.99551E-05 9.99551E-05 9.99551E-05 0.144264 9.99551E-05 9.99551E-05 0.000418145 0.324514
0.493194 0.0375851 9.99641E-05 0.075405 9.99641E-05 9.99641E-05 9.99641E-05 0.000596449 0.0385034 0.354317
0.28904 9.99641E-05 9.99641E-05 0.0125156 9.99641E-05 0.0641315 0.00721917 9.99641E-05 0.190938 0.435755
0.551453 9.99461E-05 9.99461E-05 0.00763702 9.99461E-05 9.99461E-05 9.99461E-05 9.99461E-05 0.188005 0.252305
0.434706 0.0774066 9.99641E-05 0.147378 0.0207186 0.052725 9.99641E-05 9.99641E-05 9.99641E-05 0.266666
0.405972 0.117678 9.99641E-05 0.0154658 9.99641E-05 0.106246 9.99641E-05 9.99641E-05 0.19639 0.157848
0.593418 0.00345086 9.99551E-05 0.174308 9.99551E-05 0.0918021 9.99551E-05 9.99551E-05 9.99551E-05 0.136521
0.58672 0.00379221 0.0102706 0.123344 9.9982E-05 0.0494672 9.9982E-05 0.0158154 0.0950097 0.115381
0.308261 0.0721649 9.9964E-05 0.0465973 9.9964E-05 0.00974106 9.9964E-05 9.9964E-05 0.215273 0.347562
0.235859 9.9973E-05 0.00252512 0.234689 0.00899673 0.087983 9.9973E-05 9.9973E-05 0.102258 0.32739
0.331788 9.99641E-05 0.00524763 0.0568195 9.99641E-05 0.189866 9.99641E-05 9.99641E-05 0.0818263 0.334053
0.360346 9.99372E-05 9.99372E-05 0.240172 9.99372E-05 9.99372E-05 9.99372E-05 9.99372E-05 9.99372E-05 0.398783
0.612114 9.99641E-05 9.99641E-05 0.145061 0.000293714 9.99641E-05 9.99641E-05 0.0129726 0.0827094 0.146449
0.13295 0.0284466 9.99551E-05 0.0915188 9.99551E-05 9.99551E-05 9.99551E-05 9.99551E-05 0.342799 0.403786
0.308349 9.99461E-05 9.99461E-05 0.203328 9.99461E-05 0.150061 9.99461E-05 9.99461E-05 9.99461E-05 0.337662
0.309815 0.211238 9.9955E-05 0.212424 9.9955E-05 0.2604 0.00562282 9.9955E-05 9.9955E-05 9.9955E-05
0.269834 0.00239047 0.0144891 9.99821E-05 0.00608281 0.0011261 0.0119192 9.99821E-05 0.0763446 0.617614
0.498113 0.0577984 0.0226581 0.0858897 0.0180731 9.99731E-05 0.0145629 9.99731E-05 9.99731E-05 0.302605
0.556999 0.159399 9.9955E-05 0.0292787 9.9955E-05 9.9955E-05 9.9955E-05 9.9955E-05 0.146694 0.107129
0.684314 9.99462E-05 9.99462E-05 0.139813 9.99462E-05 9.99462E-05 9.99462E-05 9.99462E-05 0.018977 0.156296
0.513187 9.99461E-05 0.0115275 9.99461E-05 9.99461E-05 0.0676136 9.99461E-05 9.99461E-05 9.99461E-05 0.407072
0.121837 0.108878 9.9964E-05 0.165609 9.9964E-05 9.9964E-05 9.9964E-05 0.000617013 0.275369 0.32729
0.411942 0.0276962 9.99731E-05 0.134266 0.00118385 0.037853 9.99731E-05 9.99731E-05 0.0849076 0.301852
0.523651 0.0595823 9.9973E-05 0.0240213 9.9973E-05 0.0227856 0.0094129 9.9973E-05 0.35709 0.00315677
0.418164 9.99371E-05 9.99371E-05 9.99371E-05 9.99371E-05 9.99371E-05 9.99371E-05 9.99371E-05 0.179776 0.401361
0.630231 9.99461E-05 9.99461E-05 0.176188 9.99461E-05 0.0155905 9.99461E-05 9.99461E-05 9.99461E-05 0.17739
0.254875 0.0364207 9.99641E-05 0.241949 9.99641E-05 0.0517565 9.99641E-05 9.99641E-05 0.181698 0.232901
0.274049 0.0959286 9.99551E-05 0.349972 9.99551E-05 0.0381546 9.99551E-05 9.99551E-05 9.99551E-05 0.241396
0.160756 9.99551E-05 9.99551E-05 0.435962 9.99551E-05 0.0168761 9.99551E-05 9.99551E-05 0.0219795 0.363926
0.480154 0.0937246 9.99731E-05 0.0161675 9.99731E-05 0.136116 9.99731E-05 0.00204904 0.158805 0.112684
0.282772 0.0590853 9.99551E-05 0.0364054 9.99551E-05 0.136955 9.99551E-05 9.99551E-05 9.99551E-05 0.484283
0.541608 0.119834 9.99371E-05 9.99371E-05 9.99371E-05 9.99371E-05 9.99371E-05 9.99371E-05 9.99371E-05 0.337859
0.497151 9.99551E-05 9.99551E-05 0.0686845 9.99551E-05 0.154715 9.99551E-05 9.99551E-05 0.0345218 0.244428
0.172518 0.0902961 9.9964E-05 0.123212 9.9964E-05 0.0469319 9.9964E-05 9.9964E-05 0.167186 0.399456
0.452912 0.0267392 0.000956967 9.9991E-05 0.00464854 0.0141126 0.00892761 0.00292402 0.114158 0.374521
0.597399 0.0651013 0.0257134 0.0154812 0.0400226 0.0558658 9.9973E-05 9.9973E-05 9.9973E-05 0.200117
0.0856371 0.0200324 9.99641E-05 0.0879458 9.99641E-05 9.99641E-05 0.00689264 9.99641E-05 0.18294 0.616152
0.397791 0.00452452 9.99551E-05 9.99551E-05 0.00833171 0.0421767 9.99551E-05 9.99551E-05 9.99551E-05 0.546676
0.666616 0.204765 9.99372E-05 9.99372E-05 9.99372E-05 9.99372E-05 9.99372E-05 9.99372E-05 9.99372E-05 0.12792
0.489629 9.99372E-05 9.99372E-05 0.246746 9.99372E-05 9.99372E-05 9.99372E-05 9.99372E-05 9.99372E-05 0.262926
9.99551E-05 0.153629 9.99551E-05 0.568052 9.99551E-05 0.0329285 9.99551E-05 9.99551E-05 0.0984044 0.146486
9.99551E-05 0.0970224 9.99551E-05 0.268235 0.00805564 9.99551E-05 9.99551E-05 9.99551E-05 0.132834 0.493353
0.301188 9.99461E-05 9.99461E-05 0.130561 9.99461E-05 0.197078 9.99461E-05 9.99461E-05 9.99461E-05 0.370573
0.0740459 9.99461E-05 9.99461E-05 0.773932 9.99461E-05 9.99461E-05 9.99461E-05 9.99461E-05 0.0262712 0.125152
0.576083 0.00182083 9.99551E-05 0.126354 9.99551E-05 0.0963914 9.99551E-05 9.99551E-05 9.99551E-05 0.198851
0.102154 9.99641E-05 0.0207865 0.480295 9.99641E-05 0.0461938 9.99641E-05 9.99641E-05 0.0669544 0.283216
0.309355 0.124367 9.99551E-05 9.99551E-05 9.99551E-05 0.16214 9.99551E-05 9.99551E-05 0.149612 0.254027
0.0063755 0.0150827 9.997E-05 0.0820142 0.0158254 0.0744944 9.997E-05 9.997E-05 0.129815 0.676093
0.261435 9.99551E-05 9.99551E-05 0.280693 9.99551E-05 0.0690234 9.99551E-05 0.0180779 9.99551E-05 0.370271
0.5596 0.129963 9.99551E-05 9.99551E-05 9.99551E-05 0.0431867 9.99551E-05 9.99551E-05 0.0649018 0.201848
0.156666 9.99641E-05 9.99641E-05 0.154012 9.99641E-05 0.0772435 9.99641E-05 0.00930972 0.00903515 0.593333
0.312123 0.0887454 9.99551E-05 9.99551E-05 9.99551E-05 9.99551E-05 9.99551E-05 0.00160664 0.203709 0.393316
0.265251 0.0862411 9.9973E-05 0.26844 0.00222063 0.0150426 9.9973E-05 9.9973E-05 0.0407508 0.321754
0.147197 0.0253595 9.9973E-05 0.0915262 9.9973E-05 0.121557 9.9973E-05 0.00502136 0.112075 0.496964
0.384838 9.9982E-05 0.0354483 0.173679 0.00878801 0.164036 9.9982E-05 0.00864963 0.00761589 0.216745
0.209433 0.108116 9.99641E-05 0.100971 0.0120369 0.0425484 9.99641E-05 9.99641E-05 9.99641E-05 0.526495
0.193307 0.226337 9.9955E-05 0.375328 9.9955E-05 0.0866476 9.9955E-05 9.9955E-05 9.9955E-05 0.11788
0.285472 0.0590564 9.9973E-05 0.122997 0.00310824 0.0967578 9.9973E-05 9.9973E-05 0.0852583 0.347051
0.58155 0.18723 9.99372E-05 9.99372E-05 9.99372E-05 9.99372E-05 9.99372E-05 9.99372E-05 9.99372E-05 0.230521
0.288059 9.99371E-05 9.99371E-05 9.99371E-05 9.99371E-05 9.99371E-05 9.99371E-05 9.99371E-05 0.230374 0.480868
0.206606 0.0811263 0.00662243 0.164628 9.9982E-05 0.0685929 9.9982E-05 0.00358667 0.358858 0.109779
0.467564 9.99462E-05 9.99462E-05 0.195996 9.99462E-05 9.99462E-05 9.99462E-05 9.99462E-05 0.117166 0.218675
0.544611 9.99461E-05 9.99461E-05 9.99461E-05 9.99461E-05 0.0268098 9.99461E-05 9.99461E-05 0.267216 0.160764
0.285484 9.99461E-05 9.99461E-05 0.412173 9.99461E-05 9.99461E-05 9.99461E-05 9.99461E-05 0.184529 0.117215
0.110718 0.151819 9.9964E-05 0.256432 9.9964E-05 0.114652 9.9964E-05 9.9964E-05 0.0530948 0.312885
0.266953 0.00828564 9.9955E-05 0.202054 9.9955E-05 0.183445 9.9955E-05 9.9955E-05 9.9955E-05 0.338762
0.24482 9.99461E-05 9.99461E-05 0.231298 9.99461E-05 0.142115 9.99461E-05 9.99461E-05 9.99461E-05 0.381167
0.212433 0.0804449 9.99731E-05 0.100858 9.99731E-05 0.216338 9.99731E-05 0.0125199 0.0250734 0.352033
0.139534 0.254056 9.9964E-05 0.0917081 9.9964E-05 0.0624468 9.9964E-05 9.9964E-05 0.157588 0.294267
0.497118 9.99461E-05 9.99461E-05 0.245021 9.99461E-05 0.186987 9.99461E-05 9.99461E-05 9.99461E-05 0.0702741
0.67181 9.99372E-05 9.99372E-05 9.99372E-05 9.99372E-05 9.99372E-05 9.99372E-05 0.000389626 9.99372E-05 0.327101
0.353357 0.063863 9.9973E-05 0.00822367 0.000594444 9.9973E-05 9.9973E-05 0.00107822 0.137002 0.435582
0.277579 0.148417 9.99731E-05 0.0702357 0.00851868 9.99731E-05 0.0135172 9.99731E-05 0.241858 0.239576
0.392427 0.0717454 9.99642E-05 0.0389688 9.99642E-05 0.286359 9.99642E-05 9.99642E-05 0.0212318 0.188868
0.52263 9.99372E-05 9.99372E-05 0.0168807 9.99372E-05 9.99372E-05 9.99372E-05 9.99372E-05 9.99372E-05 0.45979
0.521947 0.0342075 9.99551E-05 0.229925 9.99551E-05 0.110079 9.99551E-05 9.99551E-05 9.99551E-05 0.103342
0.155714 0.207942 9.99461E-05 0.105317 9.99461E-05 9.99461E-05 9.99461E-05 9.99461E-05 9.99461E-05 0.530427
0.120378 0.250434 9.99551E-05 9.99551E-05 9.99551E-05 0.0900958 9.99551E-05 9.99551E-05 0.140591 0.398002
0.347163 0.116418 9.9973E-05 0.087761 0.00111176 0.0864318 9.9973E-05 9.9973E-05 0.110189 0.250626
0.396811 0.153548 9.99551E-05 0.0838031 9.99551E-05 9.99551E-05 9.99551E-05 9.99551E-05 0.2114 0.153938
0.695608 9.99372E-05 9.99372E-05 0.197725 9.99372E-05 0.105967 9.99372E-05 9.99372E-05 9.99372E-05 9.99372E-05
0.697551 9.99282E-05 9.99282E-05 9.99282E-05 9.99282E-05 9.99282E-05 9.99282E-05 9.99282E-05 9.99282E-05 0.30165
0.353007 0.0263594 9.9973E-05 0.0691824 0.00804248 9.9973E-05 9.9973E-05 0.00157578 0.134452 0.407082
0.358738 0.190847 9.99641E-05 0.0529717 0.00414393 0.0844667 9.99641E-05 9.99641E-05 9.99641E-05 0.308433
0.343243 9.99462E-05 9.99462E-05 0.181758 9.99462E-05 9.99462E-05 9.99462E-05 9.99462E-05 0.0665235 0.407876
0.265437 0.0146947 9.99461E-05 0.210355 9.99461E-05 9.99461E-05 9.99461E-05 9.99461E-05 9.99461E-05 0.508913
0.360545 0.212366 9.9964E-05 0.081816 9.9964E-05 0.212933 9.9964E-05 9.9964E-05 0.130766 0.00117371
0.38586 0.0432737 9.99641E-05 0.239463 9.99641E-05 9.99641E-05 9.99641E-05 0.0182 0.307215 0.00558769
0.3186 0.0857818 9.99641E-05 0.339991 9.99641E-05 0.127661 9.99641E-05 9.99641E-05 0.0501454 0.0774218
0.254356 0.383725 9.99461E-05 9.99461E-05 9.99461E-05 9.99461E-05 9.99461E-05 9.99461E-05 0.150491 0.210828
0.248533 0.254997 9.9955E-05 0.212986 9.9955E-05 9.9955E-05 9.9955E-05 9.9955E-05 0.0476894 0.235295
0.421877 0.184877 9.9955E-05 0.118621 9.9955E-05 0.0149719 9.9955E-05 9.9955E-05 9.9955E-05 0.259153
0.281331 0.0255755 9.99641E-05 0.323092 9.99641E-05 0.0421186 9.99641E-05 9.99641E-05 0.107248 0.220236
0.293132 9.99461E-05 9.99461E-05 9.99461E-05 9.99461E-05 0.112763 9.99461E-05 9.99461E-05 0.298605 0.294901
0.16143 0.0682363 9.99551E-05 0.277443 9.99551E-05 0.244374 9.99551E-05 9.99551E-05 9.99551E-05 0.248017
0.323285 0.150065 9.99641E-05 0.246601 9.99641E-05 9.99641E-05 9.99641E-05 0.011345 0.0939267 0.174378
0.251842 9.99461E-05 9.99461E-05 0.227144 9.99461E-05 0.185508 9.99461E-05 9.99461E-05 9.99461E-05 0.334907
0.199806 9.9955E-05 9.9955E-05 0.118912 0.00311158 9.9955E-05 9.9955E-05 9.9955E-05 0.235704 0.441966
0.332405 9.99461E-05 0.00343326 0.258525 9.99461E-05 9.99461E-05 9.99461E-05 9.99461E-05 9.99461E-05 0.405038
9.99371E-05 9.99371E-05 9.99371E-05 0.263393 9.99371E-05 9.99371E-05 9.99371E-05 9.99371E-05 0.197648 0.53826
0.51494 0.0798504 0.01983 0.2339 9.99551E-05 9.99551E-05 9.99551E-05 9.99551E-05 0.15098 9.99551E-05
0.349109 9.99461E-05 9.99461E-05 0.172533 9.99461E-05 9.99461E-05 9.99461E-05 9.99461E-05 0.0528293 0.424929
0.154563 0.179607 9.99731E-05 0.266097 9.99731E-05 0.0288783 9.99731E-05 0.00366028 0.0620395 0.304855
0.212294 0.0213436 9.9973E-05 0.245382 9.9973E-05 0.0622681 9.9973E-05 0.000718838 0.159865 0.297829
0.502755 0.0582637 9.99462E-05 0.334754 9.99462E-05 9.99462E-05 9.99462E-05 9.99462E-05 9.99462E-05 0.103628
0.288769 0.0761952 0.0178978 0.34444 9.9991E-05 0.0313624 0.00568317 0.00519294 0.0526913 0.177668
0.367306 0.0387514 9.9982E-05 0.184149 0.0117957 0.184896 0.0101661 9.9982E-05 0.114555 0.0881813
9.99372E-05 0.0851208 9.99372E-05 0.781032 9.99372E-05 9.99372E-05 9.99372E-05 9.99372E-05 0.133147 9.99372E-05
0.459458 0.123598 9.99551E-05 0.183856 9.99551E-05 0.0629537 9.99551E-05 9.99551E-05 9.99551E-05 0.169635
9.99461E-05 9.99461E-05 9.99461E-05 0.411485 9.99461E-05 0.103368 9.99461E-05 9.99461E-05 0.20768 0.276867
0.0814164 0.0600349 0.00197125 0.57241 9.99641E-05 0.025864 9.99641E-05 9.99641E-05 0.257903 9.99641E-05
0.414597 9.9955E-05 9.9955E-05 0.0659579 0.023336 0.130901 9.9955E-05 9.9955E-05 9.9955E-05 0.364708
0.252321 0.175691 9.99552E-05 0.151403 9.99552E-05 9.99552E-05 9.99552E-05 9.99552E-05 0.0383361 0.381749
0.117371 0.253492 0.0233343 0.495273 9.9973E-05 9.9973E-05 0.00252629 0.0191255 0.0885785 9.9973E-05
0.323066 0.0403671 0.00459812 0.311957 9.99731E-05 0.128294 9.99731E-05 9.99731E-05 0.0583509 0.133066
0.178285 0.169779 9.99551E-05 0.329644 9.99551E-05 0.130459 9.99551E-05 9.99551E-05 9.99551E-05 0.191332
0.355686 0.146507 0.0216609 0.0607605 9.9955E-05 9.9955E-05 9.9955E-05 9.9955E-05 9.9955E-05 0.414887
0.105304 0.0117742 9.99731E-05 0.10296 0.0105049 0.0445894 9.99731E-05 9.99731E-05 0.292821 0.431746
9.99282E-05 9.99282E-05 9.99282E-05 0.843095 9.99282E-05 9.99282E-05 9.99282E-05 9.99282E-05 0.156105 9.99282E-05
0.166987 0.0325942 9.99731E-05 0.214796 0.000239833 0.0247388 9.99731E-05 9.99731E-05 0.3291 0.231244
0.176072 9.99461E-05 9.99461E-05 0.568387 9.99461E-05 9.99461E-05 9.99461E-05 9.99461E-05 0.0587944 0.196147
0.460366 9.99371E-05 9.99371E-05 9.99371E-05 9.99371E-05 0.0518636 9.99371E-05 9.99371E-05 9.99371E-05 0.487071
0.289947 0.112555 9.9955E-05 0.261499 9.9955E-05 0.0862358 9.9955E-05 9.9955E-05 9.9955E-05 0.249264
0.192734 9.99641E-05 9.99641E-05 0.579157 0.0219368 0.0500917 9.99641E-05 9.99641E-05 0.130558 0.0251232
0.436258 0.153281 9.99641E-05 0.0567235 9.99641E-05 0.0362115 9.99641E-05 9.99641E-05 0.162458 0.154668
0.327865 0.0317926 9.99641E-05 0.176975 9.99641E-05 9.99641E-05 0.0108755 9.99641E-05 0.296894 0.155198
0.430312 9.99551E-05 9.99551E-05 0.144393 9.99551E-05 9.99551E-05 0.0265857 9.99551E-05 0.00686384 0.391345
9.99551E-05 0.115418 9.99551E-05 0.67751 9.99551E-05 9.99551E-05 0.0165808 9.99551E-05 0.0541002 0.135891
0.229555 0.0717275 0.006885 0.629707 9.9955E-05 0.0616257 9.9955E-05 9.9955E-05 9.9955E-05 9.9955E-05
0.017961 0.0399499 9.99551E-05 0.726225 9.99551E-05 9.99551E-05 9.99551E-05 0.0275531 0.187812 9.99551E-05
0.262894 9.99371E-05 9.99371E-05 0.575979 9.99371E-05 9.99371E-05 9.99371E-05 9.99371E-05 9.99371E-05 0.160428
0.340155 9.99371E-05 9.99371E-05 0.28081 9.99371E-05 9.99371E-05 9.99371E-05 9.99371E-05 9.99371E-05 0.378335
0.544518 9.99462E-05 0.0112682 9.99462E-05 9.99462E-05 9.99462E-05 9.99462E-05 9.99462E-05 0.175561 0.268053
9.99462E-05 0.0053299 9.99462E-05 0.648019 9.99462E-05 0.0488516 9.99462E-05 9.99462E-05 9.99462E-05 0.2972
9.99417E-05 0.103029 9.99417E-05 0.883673 0.0125987 9.99417E-05 9.99417E-05 9.99417E-05 9.99417E-05 9.99417E-05
0.125186 9.99552E-05 9.99552E-05 0.592612 9.99552E-05 0.0505209 9.99552E-05 9.99552E-05 0.153992 0.0771892
0.300751 9.99731E-05 0.0119435 0.425427 0.00019237 0.0234135 9.99731E-05 0.00318295 9.99731E-05 0.23479
0.00958791 0.015003 9.99731E-05 0.850954 9.99731E-05 0.00815211 9.99731E-05 0.006209 0.0572249 0.0525689
9.99372E-05 9.99372E-05 9.99372E-05 0.84555 9.99372E-05 0.0285381 9.99372E-05 9.99372E-05 0.125212 9.99372E-05
0.0172361 0.0059183 0.00196521 0.849816 9.9973E-05 0.0208701 9.9973E-05 0.0338984 9.9973E-05 0.0699964
9.99372E-05 0.0858942 9.99372E-05 0.772515 9.99372E-05 9.99372E-05 9.99372E-05 9.99372E-05 0.140891 9.99372E-05
9.99462E-05 9.99462E-05 9.99462E-05 0.541488 9.99462E-05 0.192605 9.99462E-05 9.99462E-05 0.10343 0.161878
0.248504 0.079048 9.99552E-05 0.561753 9.99552E-05 9.99552E-05 9.99552E-05 9.99552E-05 0.00662407 0.103571
9.99461E-05 0.0913326 9.99461E-05 0.516861 9.99461E-05 0.250931 9.99461E-05 9.99461E-05 9.99461E-05 0.140277
0.40909 0.00745428 9.99551E-05 0.155949 0.0137395 9.99551E-05 9.99551E-05 9.99551E-05 9.99551E-05 0.413267
0.232212 0.0811892 9.99552E-05 0.42387 9.99552E-05 0.0375555 9.99552E-05 9.99552E-05 9.99552E-05 0.224674
0.214598 0.0596541 9.99371E-05 0.725049 9.99371E-05 9.99371E-05 9.99371E-05 9.99371E-05 9.99371E-05 9.99371E-05
9.99282E-05 9.99282E-05 9.99282E-05 0.822175 9.99282E-05 9.99282E-05 9.99282E-05 9.99282E-05 0.177026 9.99282E-05
9.99373E-05 9.99373E-05 9.99373E-05 0.409208 9.99373E-05 9.99373E-05 9.99373E-05 9.99373E-05 0.200468 0.389625
9.99372E-05 9.99372E-05 9.99372E-05 0.623146 9.99372E-05 0.0827004 9.99372E-05 9.99372E-05 9.99372E-05 0.293454
0.0158057 0.119215 9.99551E-05 0.631839 9.99551E-05 0.196423 9.99551E-05 9.99551E-05 9.99551E-05 0.0362178
9.99283E-05 9.99283E-05 9.99283E-05 0.667188 9.99283E-05 9.99283E-05 9.99283E-05 9.99283E-05 9.99283E-05 0.332012
0.241764 9.99462E-05 9.99462E-05 0.539138 9.99462E-05 0.0594905 9.99462E-05 9.99462E-05 9.99462E-05 0.159007
0.219056 0.048288 9.99551E-05 0.7137 9.99551E-05 9.99551E-05 9.99551E-05 0.00186398 9.99551E-05 0.016592
0.306713 0.134016 0.0334109 0.441325 9.99641E-05 9.99641E-05 0.0266506 9.99641E-05 9.99641E-05 0.0574851
0.262681 0.112854 9.99551E-05 0.420454 0.00925606 9.99551E-05 9.99551E-05 9.99551E-05 9.99551E-05 0.194255
0.0726098 0.0361446 9.99641E-05 0.712756 9.99641E-05 0.010169 0.00752912 9.99641E-05 9.99641E-05 0.160392
9.99461E-05 9.99461E-05 9.99461E-05 0.625264 0.0132096 9.99461E-05 9.99461E-05 9.99461E-05 0.0525332 0.308393
9.99461E-05 0.184749 9.99461E-05 0.394052 9.99461E-05 0.0506001 9.99461E-05 9.99461E-05 0.37 9.99461E-05
0.187135 0.0626739 9.9955E-05 0.662904 9.9955E-05 9.9955E-05 0.0144325 9.9955E-05 0.072355 9.9955E-05
0.0750872 0.00537823 9.99731E-05 0.514065 9.99731E-05 0.0174345 9.99731E-05 0.00728011 0.216616 0.163839
0.232706 0.0724807 9.99461E-05 0.522512 9.99461E-05 0.171702 9.99461E-05 9.99461E-05 9.99461E-05 9.99461E-05
0.212708 0.0781703 9.99461E-05 0.61367 9.99461E-05 0.0948517 9.99461E-05 9.99461E-05 9.99461E-05 9.99461E-05
0.199309 0.0395367 0.0213069 0.726325 9.99551E-05 9.99551E-05 9.99551E-05 9.99551E-05 0.013023 9.99551E-05
0.184013 9.99552E-05 9.99552E-05 0.580266 9.99552E-05 0.048424 9.99552E-05 9.99552E-05 0.0629512 0.123846
9.99551E-05 0.033759 9.99551E-05 0.694551 9.99551E-05 9.99551E-05 0.00990194 9.99551E-05 0.249028 0.0122606
0.0795229 0.0166025 9.99461E-05 0.853272 9.99461E-05 9.99461E-05 9.99461E-05 9.99461E-05 0.0500026 9.99461E-05
0.0694831 9.9964E-05 0.016346 0.627036 9.9964E-05 0.00305771 9.9964E-05 9.9964E-05 0.188697 0.0949804
9.99461E-05 9.99461E-05 9.99461E-05 0.812935 9.99461E-05 0.0365252 9.99461E-05 9.99461E-05 0.131291 0.0186487
9.99462E-05 0.054249 0.00230728 0.833621 9.99462E-05 9.99462E-05 9.99462E-05 9.99462E-05 0.109223 9.99462E-05
9.99551E-05 0.0180418 0.0221745 0.822948 0.00262972 0.133706 9.99551E-05 9.99551E-05 9.99551E-05 9.99551E-05
0.167091 0.0642965 9.9973E-05 0.614429 0.00557403 0.0622775 9.9973E-05 0.00379865 0.0822336 9.9973E-05
9.9964E-05 9.9964E-05 0.05628 0.667781 0.0304747 9.9964E-05 9.9964E-05 0.00857775 0.0276091 0.208877
0.131087 9.99461E-05 9.99461E-05 0.378834 9.99461E-05 0.0728003 9.99461E-05 9.99461E-05 9.99461E-05 0.416679
9.99371E-05 9.99371E-05 9.99371E-05 0.813093 9.99371E-05 9.99371E-05 0.0105087 9.99371E-05 9.99371E-05 0.175699
0.365979 9.99461E-05 9.99461E-05 0.367129 9.99461E-05 9.99461E-05 9.99461E-05 9.99461E-05 0.0427702 0.223523
0.226575 0.00190302 9.9955E-05 0.72733 9.9955E-05 9.9955E-05 0.00736611 9.9955E-05 0.0363254 9.9955E-05
0.127024 9.99371E-05 9.99371E-05 0.767826 9.99371E-05 9.99371E-05 9.99371E-05 9.99371E-05 0.10445 9.99371E-05
9.99371E-05 0.119223 9.99371E-05 0.645812 9.99371E-05 9.99371E-05 9.99371E-05 9.99371E-05 9.99371E-05 0.234265
0.0327626 9.99462E-05 9.99462E-05 0.694462 0.00380598 9.99462E-05 9.99462E-05 9.99462E-05 0.26837 9.99462E-05
0.194896 9.9946E-05 9.9946E-05 0.614779 9.9946E-05 0.123697 9.9946E-05 9.9946E-05 0.0660284 9.9946E-05
0.246931 0.0673085 9.99551E-05 0.535244 0.00760543 9.99551E-05 9.99551E-05 9.99551E-05 0.142412 9.99551E-05
9.99552E-05 0.21671 0.0209316 0.531114 9.99552E-05 0.0483657 9.99552E-05 9.99552E-05 9.99552E-05 0.182379
0.241586 9.99462E-05 9.99462E-05 0.0826533 9.99462E-05 9.99462E-05 9.99462E-05 9.99462E-05 0.188263 0.486898
0.647075 0.055992 9.99462E-05 0.134249 9.99462E-05 9.99462E-05 9.99462E-05 9.99462E-05 9.99462E-05 0.162084
0.658418 0.0414475 0.0021728 9.99551E-05 0.00188174 9.99551E-05 9.99551E-05 9.99551E-05 9.99551E-05 0.29558
0.523203 0.183744 9.99551E-05 9.99551E-05 9.99551E-05 0.0490336 9.99551E-05 9.99551E-05 0.030934 0.212586
0.691951 9.99641E-05 9.99641E-05 0.0666199 9.99641E-05 0.0920386 0.00374814 0.0142107 9.99641E-05 0.131032
0.103787 0.1182 0.00137811 0.594285 9.99641E-05 0.0330514 9.99641E-05 9.99641E-05 9.99641E-05 0.148898
0.123287 0.113649 9.99551E-05 0.689495 9.99551E-05 9.99551E-05 9.99551E-05 0.0214503 0.0516194 9.99551E-05
9.99462E-05 9.99462E-05 0.00360314 0.747174 9.99462E-05 0.0820085 9.99462E-05 9.99462E-05 9.99462E-05 0.166614
0.0230981 0.139315 9.99551E-05 0.657755 9.99551E-05 9.99551E-05 9.99551E-05 9.99551E-05 0.00554313 0.173789
9.99461E-05 0.0720454 9.99461E-05 0.790665 9.99461E-05 0.0034037 9.99461E-05 9.99461E-05 9.99461E-05 0.133286
9.99551E-05 0.154607 9.99551E-05 0.216683 9.99551E-05 0.047456 9.99551E-05 9.99551E-05 0.370734 0.21002
0.0429895 0.0289626 9.99551E-05 0.774016 9.99551E-05 0.0474814 9.99551E-05 9.99551E-05 9.99551E-05 0.106051
0.0735447 0.0532745 0.0165027 0.663704 0.00766549 9.9973E-05 9.9973E-05 0.00304453 0.181965 9.9973E-05
9.99461E-05 0.227162 9.99461E-05 0.719053 9.99461E-05 9.99461E-05 9.99461E-05 9.99461E-05 0.0293684 0.0238167
0.127783 9.99551E-05 9.99551E-05 0.459739 9.99551E-05 0.0148992 9.99551E-05 9.99551E-05 0.106218 0.290861
0.202213 9.99642E-05 9.99642E-05 0.0199004 0.0131565 0.217708 9.99642E-05 9.99642E-05 0.268015 0.278606
0.314829 9.99552E-05 9.99552E-05 0.301282 9.99552E-05 0.0167109 9.99552E-05 9.99552E-05 0.0178849 0.348793
0.22921 0.111472 9.99551E-05 0.324328 9.99551E-05 9.99551E-05 9.99551E-05 9.99551E-05 0.00344688 0.331043
0.0537038 9.99731E-05 9.99731E-05 0.475346 0.025016 0.056365 0.00606788 9.99731E-05 0.17463 0.208571
0.160044 0.0705626 9.99551E-05 0.565425 9.99551E-05 0.0347129 9.99551E-05 9.99551E-05 9.99551E-05 0.168755
0.5713 0.0064813 0.0469424 0.240055 9.99551E-05 9.99551E-05 9.99551E-05 9.99551E-05 9.99551E-05 0.134721
9.99281E-05 9.99281E-05 9.99281E-05 0.878499 9.99281E-05 9.99281E-05 9.99281E-05 9.99281E-05 9.99281E-05 0.120702
9.99371E-05 9.99371E-05 9.99371E-05 0.869071 0.00272309 9.99371E-05 9.99371E-05 9.99371E-05 9.99371E-05 0.127506
0.130496 9.99371E-05 9.99371E-05 0.727654 9.99371E-05 9.99371E-05 9.99371E-05 9.99371E-05 0.141151 9.99371E-05
0.106613 0.165093 9.99461E-05 0.668537 9.99461E-05 9.99461E-05 9.99461E-05 9.99461E-05 0.0591569 9.99461E-05
0.254541 0.109247 9.99641E-05 0.35997 9.99641E-05 9.99641E-05 0.0166534 9.99641E-05 0.207668 0.0515213
0.343328 9.99551E-05 9.99551E-05 0.0740599 9.99551E-05 0.0223245 9.99551E-05 9.99551E-05 0.162243 0.397545
9.99461E-05 9.99461E-05 0.014053 0.852972 9.99461E-05 9.99461E-05 9.99461E-05 0.0115798 0.120795 9.99461E-05
9.99282E-05 0.110566 9.99282E-05 0.888635 9.99282E-05 9.99282E-05 9.99282E-05 9.99282E-05 9.99282E-05 9.99282E-05
9.99462E-05 0.143602 9.99462E-05 0.490317 9.99462E-05 0.317697 9.99462E-05 9.99462E-05 9.99462E-05 0.0477844
0.360458 9.99372E-05 9.99372E-05 0.629946 9.99372E-05 9.99372E-05 0.00889691 9.99372E-05 9.99372E-05 9.99372E-05
0.0323853 0.0296608 9.99461E-05 0.82429 9.99461E-05 9.99461E-05 9.99461E-05 9.99461E-05 0.113064 9.99461E-05
9.99462E-05 9.99462E-05 9.99462E-05 0.591778 9.99462E-05 0.195418 9.99462E-05 9.99462E-05 0.139188 0.0730166
0.248227 0.0400525 9.99641E-05 0.29527 9.99641E-05 9.99641E-05 9.99641E-05 0.00106604 0.00887121 0.406113
9.99371E-05 9.99371E-05 9.99371E-05 0.414552 9.99371E-05 9.99371E-05 9.99371E-05 9.99371E-05 0.533195 0.051553
0.408591 9.99462E-05 0.0179549 0.206494 9.99462E-05 9.99462E-05 9.99462E-05 9.99462E-05 9.99462E-05 0.36636
0.0710531 0.00462926 9.99551E-05 0.330032 9.99551E-05 9.99551E-05 9.99551E-05 9.99551E-05 0.14417 0.449617
9.99461E-05 9.99461E-05 9.99461E-05 0.773501 9.99461E-05 0.0119023 9.99461E-05 9.99461E-05 0.127031 0.0869665
0.122695 0.0222195 9.99461E-05 0.571127 9.99461E-05 0.283359 9.99461E-05 9.99461E-05 9.99461E-05 9.99461E-05
9.99641E-05 0.0497813 0.0185691 0.764999 0.00278961 9.99641E-05 9.99641E-05 9.99641E-05 0.0297206 0.13374
0.328167 0.0642215 0.0115846 0.595428 9.99461E-05 9.99461E-05 9.99461E-05 9.99461E-05 9.99461E-05 9.99461E-05
0.446255 0.0409628 9.99551E-05 0.184486 9.99551E-05 0.00485064 9.99551E-05 9.99551E-05 9.99551E-05 0.322945
0.500191 0.146315 9.9946E-05 0.273785 9.9946E-05 9.9946E-05 9.9946E-05 9.9946E-05 9.9946E-05 0.0791084
0.212781 0.0162778 9.99641E-05 0.273457 9.99641E-05 0.00571353 9.99641E-05 9.99641E-05 0.0795654 0.411805
0.642999 9.99463E-05 9.99463E-05 0.0419446 9.99463E-05 0.0338434 9.99463E-05 9.99463E-05 9.99463E-05 0.280613
0.195127 0.0700475 9.99551E-05 0.595343 9.99551E-05 9.99551E-05 9.99551E-05 0.00918269 0.1298 9.99551E-05
9.99282E-05 9.99282E-05 9.99282E-05 0.960603 9.99282E-05 9.99282E-05 9.99282E-05 9.99282E-05 0.0385981 9.99282E-05
9.9946E-05 0.0296328 9.9946E-05 0.598838 9.9946E-05 9.9946E-05 9.9946E-05 9.9946E-05 0.0322644 0.338665
0.438566 9.99372E-05 9.99372E-05 0.108179 9.99372E-05 9.99372E-05 9.99372E-05 9.99372E-05 9.99372E-05 0.452555
0.0351427 0.223897 0.0244887 0.578891 0.0080686 0.129113 9.9964E-05 9.9964E-05 9.9964E-05 9.9964E-05
0.127102 9.99371E-05 9.99371E-05 0.869324 0.00287434 9.99371E-05 9.99371E-05 9.99371E-05 9.99371E-05 9.99371E-05
0.108729 0.0743726 9.99551E-05 0.531865 9.99551E-05 9.99551E-05 9.99551E-05 9.99551E-05 0.251828 0.032706
0.308341 9.99551E-05 9.99551E-05 0.258383 9.99551E-05 9.99551E-05 0.00374761 9.99551E-05 0.107507 0.321521
0.481868 9.99461E-05 9.99461E-05 0.27459 9.99461E-05 0.0513645 9.99461E-05 9.99461E-05 9.99461E-05 0.191578
0.0375956 9.9955E-05 9.9955E-05 0.65225 9.9955E-05 9.9955E-05 9.9955E-05 0.0308195 0.0278942 0.250941
0.0972723 0.141231 9.99642E-05 0.604843 0.000418225 0.0766391 9.99642E-05 9.99642E-05 9.99642E-05 0.0791969
0.0212427 9.99372E-05 9.99372E-05 0.823996 9.99372E-05 9.99372E-05 9.99372E-05 9.99372E-05 9.99372E-05 0.154061
9.9946E-05 0.0947375 9.9946E-05 0.720559 9.9946E-05 9.9946E-05 9.9946E-05 9.9946E-05 0.183865 0.000239195
0.0373802 0.0272024 9.99372E-05 0.934718 9.99372E-05 9.99372E-05 9.99372E-05 9.99372E-05 9.99372E-05 9.99372E-05
0.193062 0.0078274 0.0405675 0.603522 0.00128141 0.0680118 9.9982E-05 9.9982E-05 0.0273362 0.0581917
0.12813 0.105087 9.9964E-05 0.618965 9.9964E-05 0.0159474 9.9964E-05 9.9964E-05 0.0370385 0.0944328
0.238762 9.99372E-05 9.99372E-05 0.51966 9.99372E-05 9.99372E-05 9.99372E-05 9.99372E-05 9.99372E-05 0.240878
0.271385 0.0582747 9.99551E-05 0.28431 9.99551E-05 9.99551E-05 9.99551E-05 9.99551E-05 0.350691 0.0348406
9.99371E-05 0.151495 9.99371E-05 0.738472 9.99371E-05 0.109333 9.99371E-05 9.99371E-05 9.99371E-05 9.99371E-05
9.99283E-05 9.99283E-05 9.99283E-05 0.773478 9.99283E-05 9.99283E-05 9.99283E-05 9.99283E-05 9.99283E-05 0.225723
0.342683 0.0481381 9.99641E-05 0.147986 9.99641E-05 9.99641E-05 0.0450189 0.0117914 9.99641E-05 0.403983
0.600339 9.99551E-05 0.0186139 9.99551E-05 9.99551E-05 0.0194172 9.99551E-05 9.99551E-05 0.0659902 0.29514
0.53813 0.0858982 9.99462E-05 0.0825951 9.99462E-05 9.99462E-05 9.99462E-05 9.99462E-05 9.99462E-05 0.292777
