0.655797 9.99911E-05 0.344103
0.593498 0.192311 0.214191
0.557791 0.240426 0.201783
0.901737 0.0981627 9.99912E-05
0.649439 0.0139879 0.336573
0.513311 0.329077 0.157612
0.322548 0.183412 0.494041
0.402137 0.597763 9.99912E-05
9.999E-05 9.999E-05 0.9998
0.672231 9.99911E-05 0.327669
0.9998 9.999E-05 9.999E-05
0.0168225 9.99911E-05 0.983078
0.345115 0.0272761 0.627609
0.796203 0.0597323 0.144064
0.101196 0.174104 0.724699
9.99911E-05 0.0577544 0.942146
0.220749 0.117687 0.661564
0.143439 9.99911E-05 0.856461
0.502213 0.109575 0.388212
0.283103 0.151992 0.564905
0.705952 0.13034 0.163708
0.32781 0.082129 0.590061
0.257736 0.168733 0.573531
9.99911E-05 0.163446 0.836454
9.99911E-05 0.535261 0.464639
0.606039 9.99912E-05 0.393861
0.981296 0.0186045 9.99911E-05
0.875846 9.99911E-05 0.124054
0.440353 0.12034 0.439307
0.233456 9.99911E-05 0.766444
0.338735 0.292011 0.369253
9.99911E-05 0.142914 0.856986
9.99911E-05 0.0355692 0.964331
0.734075 9.99911E-05 0.265825
0.338682 0.0440719 0.617246
0.868715 0.131185 9.99911E-05
9.99911E-05 0.34965 0.65025
0.13607 0.454742 0.409188
0.975638 0.0242622 9.99911E-05
0.599869 0.156416 0.243715
9.999E-05 9.999E-05 0.9998
0.17472 0.194374 0.630905
0.402764 0.201926 0.39531
9.999E-05 9.999E-05 0.9998
0.228335 0.0697088 0.701956
0.080756 9.99911E-05 0.919144
0.451768 0.316082 0.23215
0.0499387 0.0900686 0.859993
9.99911E-05 0.134731 0.865169
9.999E-05 9.999E-05 0.9998
0.24092 0.493609 0.265471
9.99911E-05 0.161239 0.838661
0.56558 9.99911E-05 0.43432
0.765439 9.99911E-05 0.234461
9.99911E-05 0.268257 0.731643
9.99911E-05 0.0294683 0.970432
0.547289 9.99911E-05 0.452611
9.99911E-05 0.414424 0.585476
0.439568 0.137032 0.423399
0.537382 0.234826 0.227793
0.577743 0.200438 0.22182
0.118847 0.0235058 0.857647
0.343149 9.99911E-05 0.656751
9.99911E-05 0.330409 0.669491
0.800349 9.99911E-05 0.199551
0.177148 9.99911E-05 0.822752
0.843601 0.0678411 0.0885581
0.267107 0.0340643 0.698828
0.744038 9.99911E-05 0.255862
0.00537297 0.20783 0.786797
0.9998 9.999E-05 9.999E-05
0.481471 0.124988 0.393541
9.99911E-05 0.111245 0.888655
0.210324 0.181702 0.607974
0.110813 0.196866 0.69232
9.999E-05 9.999E-05 0.9998
0.271284 0.0475066 0.68121
0.0373602 0.0358675 0.926772
0.595212 0.0347152 0.370073
0.279395 0.276744 0.44386
9.99911E-05 0.313638 0.686262
0.192828 0.308209 0.498963
9.99911E-05 0.297293 0.702607
0.765258 9.99911E-05 0.234642
0.131859 0.346147 0.521993
0.315464 0.0410018 0.643534
0.350519 0.274106 0.375375
0.219312 9.99911E-05 0.780588
0.0307013 0.449733 0.519566
0.309342 0.262457 0.428201
0.211235 0.259715 0.529051
9.99911E-05 0.278147 0.721753
0.221456 0.129117 0.649427
0.514298 0.329108 0.156594
0.497209 0.319672 0.183118
0.544795 0.0834752 0.37173
0.181134 0.292545 0.526321
0.249246 0.357937 0.392817
0.69483 0.30507 9.99911E-05
0.104765 0.439702 0.455533
9.99911E-05 0.291392 0.708508
9.99911E-05 0.959604 0.0402958
9.999E-05 9.999E-05 0.9998
0.0689585 0.557455 0.373586
0.152386 0.842441 0.00517302
0.0188571 0.0383396 0.942803
0.456481 0.140114 0.403405
9.99911E-05 0.728491 0.271409
0.66117 0.33873 9.99911E-05
0.0954558 0.396565 0.507979
0.9998 9.999E-05 9.999E-05
0.131207 0.193905 0.674888
9.999E-05 0.9998 9.999E-05
0.0468694 0.322672 0.630458
9.99911E-05 0.681593 0.318307
0.697699 9.99911E-05 0.302201
0.17195 0.362883 0.465168
9.99912E-05 0.788194 0.211706
9.999E-05 9.999E-05 0.9998
0.540653 0.321534 0.137813
0.714573 0.0633278 0.222099
0.0281078 0.971792 9.99911E-05
0.156022 0.843878 9.99911E-05
9.999E-05 0.9998 9.999E-05
9.99911E-05 0.7055 0.2944
0.815157 0.184743 9.99911E-05
0.679835 9.99911E-05 0.320065
0.131012 0.868888 9.99911E-05
9.999E-05 0.9998 9.999E-05
0.116069 0.883831 9.99911E-05
0.294639 0.259652 0.445709
9.999E-05 0.9998 9.999E-05
9.999E-05 0.9998 9.999E-05
0.0181498 0.98175 9.99911E-05
9.999E-05 0.9998 9.999E-05
9.99911E-05 0.650743 0.349157
9.99911E-05 0.775052 0.224848
9.99911E-05 0.808155 0.191745
0.861285 0.138615 9.99911E-05
9.99911E-05 0.477434 0.522466
9.99911E-05 0.975678 0.0242217
9.999E-05 0.9998 9.999E-05
0.453249 0.44385 0.102901
9.99911E-05 0.856917 0.142983
0.0787995 0.9211 9.99911E-05
0.151837 0.848063 9.99911E-05
0.117861 0.603452 0.278686
9.99911E-05 0.810501 0.189399
0.357028 0.642872 9.99911E-05
0.0887339 0.535962 0.375304
0.263226 0.736674 9.99911E-05
9.99911E-05 0.673223 0.326677
9.99911E-05 0.744565 0.255335
0.0417003 0.9582 9.99911E-05
9.99911E-05 0.703164 0.296736
0.105615 0.822912 0.0714731
9.99911E-05 0.685319 0.314581
9.99911E-05 0.881119 0.118781
0.0521128 0.607394 0.340493
9.999E-05 0.9998 9.999E-05
9.999E-05 0.9998 9.999E-05
9.99911E-05 0.887558 0.112343
0.132224 0.867676 9.99911E-05
9.999E-05 0.9998 9.999E-05
9.999E-05 0.9998 9.999E-05
0.0995909 0.787172 0.113237
0.129746 0.870154 9.99911E-05
9.99911E-05 0.424944 0.574956
9.999E-05 0.9998 9.999E-05
0.131552 0.282372 0.586075
0.0296758 0.970224 9.99911E-05
9.99911E-05 0.965357 0.0345431
9.99911E-05 0.866896 0.133004
9.99911E-05 0.995053 0.0048471
9.9991E-05 0.885742 0.114158
9.99911E-05 0.944347 0.0555528
9.99912E-05 0.747851 0.252049
0.992727 0.00717291 9.99911E-05
0.720613 0.0220848 0.257302
0.494012 9.99911E-05 0.505888
0.352646 9.99911E-05 0.647254
0.794446 0.00729869 0.198256
0.315309 0.684591 9.99911E-05
9.99911E-05 0.908609 0.0912912
9.999E-05 0.9998 9.999E-05
0.0552436 0.856421 0.0883349
0.004818 0.995082 9.99911E-05
0.103558 0.343511 0.552931
9.99911E-05 0.919349 0.0805513
0.0762232 0.923677 9.99911E-05
9.999E-05 0.9998 9.999E-05
0.123337 0.724239 0.152424
0.673587 0.326313 9.99912E-05
0.81544 0.18446 9.99911E-05
0.604064 0.283538 0.112398
9.99911E-05 0.716548 0.283352
0.0779634 0.62504 0.296997
0.395411 0.210333 0.394256
9.999E-05 0.9998 9.999E-05
9.999E-05 0.9998 9.999E-05
0.00250175 0.997398 9.99911E-05
0.0775385 0.922362 9.99911E-05
0.373999 0.625901 9.99911E-05
0.9998 9.999E-05 9.999E-05
9.999E-05 0.9998 9.999E-05
9.999E-05 0.9998 9.999E-05
9.99912E-05 0.775324 0.224576
0.348064 0.651836 9.99911E-05
9.999E-05 0.9998 9.999E-05
9.99912E-05 0.940022 0.0598783
9.99911E-05 0.183414 0.816486
9.99911E-05 0.724804 0.275096
0.9998 9.999E-05 9.999E-05
0.0613385 0.417588 0.521074
9.999E-05 0.9998 9.999E-05
9.99911E-05 0.801787 0.198113
0.0450431 0.954857 9.99911E-05
0.0404913 0.77936 0.180149
0.0717645 9.99911E-05 0.928135
0.687463 0.238712 0.0738245
0.836562 0.117531 0.0459072
0.363062 9.99912E-05 0.636838
0.0131201 0.954217 0.032663
9.999E-05 0.9998 9.999E-05
0.0541205 0.782694 0.163185
0.516691 0.0541828 0.429127
9.99911E-05 0.930551 0.0693493
9.999E-05 0.9998 9.999E-05
0.165202 0.834698 9.99911E-05
0.488708 0.221715 0.289577
0.633908 0.327959 0.0381329
9.99911E-05 0.750945 0.248955
0.106635 0.893265 9.99912E-05
9.999E-05 0.9998 9.999E-05
0.132172 0.867728 9.99911E-05
9.999E-05 0.9998 9.999E-05
9.99911E-05 0.815176 0.184724
0.0885501 0.806977 0.104473
0.545696 0.454204 9.99911E-05
9.99911E-05 0.576172 0.423728
9.999E-05 0.9998 9.999E-05
0.0609492 0.881018 0.058033
0.97885 0.0210501 9.99911E-05
0.423091 9.99911E-05 0.576809
0.9998 9.999E-05 9.999E-05
0.459058 0.17461 0.366332
0.574987 0.17604 0.248973
0.431425 9.99911E-05 0.568475
9.999E-05 0.9998 9.999E-05
0.0790045 0.920896 9.99911E-05
9.99911E-05 0.829486 0.170414
9.999E-05 0.9998 9.999E-05
0.0849985 0.240921 0.67408
0.493808 9.99911E-05 0.506092
0.0482104 0.95169 9.99911E-05
0.739535 9.9991E-05 0.260365
9.99911E-05 0.822118 0.177783
9.999E-05 0.9998 9.999E-05
0.601443 0.398457 9.99911E-05
0.177442 0.822458 9.99911E-05
9.99911E-05 0.432779 0.567121
9.99911E-05 0.896643 0.103257
0.167787 0.832113 9.99911E-05
9.99911E-05 0.838976 0.160924
0.114202 0.734572 0.151225
9.99911E-05 0.779188 0.220712
0.296574 0.120448 0.582978
0.431134 0.51374 0.0551262
0.0151073 0.984793 9.99911E-05
0.485887 9.99911E-05 0.514013
0.978158 0.0217418 9.99912E-05
0.217092 0.213748 0.56916
0.29785 0.595559 0.106591
0.433435 0.172698 0.393866
0.281112 0.285677 0.433211
0.562926 0.216038 0.221036
0.378541 0.337733 0.283726
0.0900835 0.232779 0.677137
0.177032 0.822868 9.99911E-05
0.532575 9.99911E-05 0.467325
9.999E-05 9.999E-05 0.9998
0.0811359 0.215392 0.703473
9.99911E-05 0.174344 0.825556
0.187156 0.228367 0.584477
0.0921809 0.284218 0.623601
9.99911E-05 0.460299 0.539601
0.896307 9.99911E-05 0.103593
9.99911E-05 0.189503 0.810397
9.99911E-05 0.40645 0.59345
0.248305 0.169419 0.582276
0.0397779 0.234384 0.725838
0.401451 0.0927252 0.505824
0.00602881 0.267682 0.726289
0.0865047 0.0426414 0.870854
9.999E-05 9.999E-05 0.9998
0.26996 9.99911E-05 0.72994
0.0864337 0.0108834 0.902683
0.61772 0.294257 0.0880232
9.99911E-05 0.196655 0.803245
9.99912E-05 0.0794503 0.92045
0.115265 0.113672 0.771063
9.999E-05 9.999E-05 0.9998
9.99911E-05 0.199779 0.800121
9.99911E-05 0.0176581 0.982242
0.000679429 0.446271 0.55305
0.137056 0.0648308 0.798113
9.99912E-05 0.410953 0.588947
0.482414 0.212801 0.304785
9.99911E-05 0.0144119 0.985488
0.619012 0.0452123 0.335776
0.124237 0.228272 0.647491
0.393261 9.99911E-05 0.606639
9.99911E-05 0.101919 0.897981
0.882435 0.0311345 0.0864309
0.288178 9.99912E-05 0.711722
0.025436 9.99911E-05 0.974464
0.54371 0.416482 0.0398088
0.0266889 0.262382 0.71093
0.326889 9.99911E-05 0.673011
0.0408956 0.182888 0.776217
0.0646578 0.441301 0.494042
0.260271 0.274052 0.465677
9.99912E-05 0.0520287 0.947871
0.655178 0.0642724 0.28055
0.535591 0.104142 0.360266
0.336247 0.313772 0.349981
0.0877904 0.132114 0.780096
9.99911E-05 0.285338 0.714562
9.99911E-05 0.230403 0.769497
0.192331 0.535598 0.272071
0.494263 0.505638 9.99911E-05
9.99911E-05 0.407041 0.592859
0.312281 0.366804 0.320915
0.140054 0.26786 0.592086
0.8583 0.0947204 0.0469796
0.121977 0.363979 0.514043
0.0207209 0.0999284 0.879351
0.233197 9.99911E-05 0.766703
0.153254 9.99911E-05 0.846646
